20170814 20170913 20171020 20171030 20171111 
21.900 32.500 70.400 84.100 59.900 
10.300 36.800 64.100 77.800 67.500 
2.000 40.700 59.100 81.100 76.400 
7.600 50.300 76.000 85.400 58.700 
-999.000 -999.000 -999.000 -999.000 -999.000 
25.600 46.300 62.600 82.300 67.700 
27.100 43.200 72.200 83.600 68.800 
9.900 48.200 73.800 81.900 65.100 
13.500 52.100 76.200 85.800 65.700 
7.300 42.800 66.400 81.600 64.100 
2.400 35.900 59.400 68.400 60.400 
2.200 33.800 52.400 75.800 66.700 
24.800 45.200 77.700 87.600 74.900 
22.700 46.400 77.700 87.000 68.200 
12.700 44.900 70.900 84.200 67.200 
7.000 37.900 66.400 80.900 71.200 
2.700 34.400 57.800 84.400 71.200 
9.200 35.700 52.400 79.400 59.200 
3.700 41.700 55.900 77.400 67.900 
4.600 41.000 62.000 82.600 66.900 
6.600 39.000 59.600 82.500 68.600 
7.100 33.800 55.600 74.900 69.400 
10.400 35.800 57.000 82.400 72.500 
13.500 45.200 70.500 83.700 56.300 
6.000 42.200 55.400 81.200 60.800 
7.400 38.200 62.900 82.000 65.100 
3.100 38.400 58.000 84.000 69.900 
2.800 43.700 66.900 84.100 60.600 
3.100 35.600 64.100 78.900 62.400 
3.600 37.900 61.000 79.300 66.400 
5.200 41.900 60.600 81.100 65.900 
5.700 50.200 78.900 85.000 69.500 
8.700 45.000 76.400 85.600 72.600 
7.200 34.200 57.800 75.500 71.500 
7.900 33.000 53.800 73.500 62.500 
8.100 36.700 62.900 83.000 69.200 
7.000 36.500 59.200 83.100 55.700 
7.900 38.400 66.900 83.400 48.500 
5.400 44.800 77.300 89.600 66.400 
4.500 44.900 72.300 84.900 60.800 
9.200 49.800 82.100 80.400 45.000 
17.500 46.100 63.200 80.200 51.900 
11.000 40.600 65.900 84.600 55.700 
5.900 36.800 57.600 81.800 60.500 
4.400 36.900 56.500 79.200 75.800 
6.800 42.400 56.800 84.600 76.400 
6.900 43.300 69.100 81.300 73.400 
9.400 39.200 68.600 85.400 76.600 
8.900 37.700 71.700 76.600 71.400 
9.700 34.100 56.000 76.200 66.800 
5.200 37.600 59.400 78.900 54.500 
6.800 41.500 68.800 83.600 50.800 
7.300 43.000 71.200 84.200 55.400 
13.300 42.800 78.100 83.600 54.900 
11.500 48.000 82.400 80.600 55.400 
14.200 46.800 77.300 79.200 59.900 
-999.000 -999.000 -999.000 -999.000 -999.000 
10.600 38.800 75.300 83.900 40.000 
14.000 37.300 74.100 82.600 62.300 
2.900 37.100 57.900 82.900 72.700 
3.600 35.000 49.600 79.800 68.700 
3.600 35.600 52.500 81.100 79.500 
1.900 36.900 61.600 82.900 75.600 
5.400 41.200 65.200 84.700 76.900 
8.400 39.400 72.400 85.300 80.300 
7.800 37.400 70.600 80.000 60.300 
7.200 36.800 65.700 79.900 48.100 
4.900 37.500 59.300 83.500 42.800 
8.800 41.100 73.400 83.600 51.500 
8.200 46.000 83.500 80.700 64.400 
11.000 48.100 82.000 81.800 53.400 
16.800 42.900 82.900 79.900 57.800 
16.000 46.800 80.000 79.900 65.700 
21.300 43.000 75.000 83.500 64.500 
19.300 44.700 61.700 78.700 27.300 
11.800 48.300 66.100 83.300 10.300 
11.400 38.900 76.000 76.400 29.900 
14.900 40.400 80.300 87.200 50.800 
6.600 33.400 63.400 79.700 71.600 
4.700 35.900 64.900 79.900 54.100 
6.300 41.900 68.300 81.200 68.100 
3.300 38.500 64.800 84.300 75.800 
3.100 37.800 67.600 80.500 70.100 
12.900 40.600 74.400 84.600 64.400 
8.200 43.700 80.100 86.600 64.300 
12.800 40.500 75.600 85.000 53.600 
10.000 40.800 70.100 81.000 50.300 
3.600 42.800 64.200 78.800 64.700 
11.400 45.500 80.400 85.000 50.700 
12.800 44.100 75.000 83.300 55.000 
17.000 42.600 74.900 80.900 41.900 
20.200 40.900 73.100 83.500 46.400 
17.600 43.300 74.700 86.900 59.400 
23.200 46.600 81.300 86.000 58.400 
20.400 41.200 66.300 81.900 41.600 
19.900 49.000 65.100 82.700 18.500 
21.500 49.200 73.800 83.700 33.600 
11.900 42.500 82.600 78.400 40.400 
15.200 47.400 82.000 86.700 50.400 
17.500 43.700 77.900 87.400 57.600 
10.400 55.200 83.200 84.200 67.800 
8.400 52.200 79.400 80.800 43.800 
5.700 40.500 73.100 83.500 69.100 
5.800 39.400 73.700 83.800 68.600 
9.800 41.900 73.800 86.700 72.300 
22.000 46.700 80.200 87.000 73.500 
18.000 42.600 76.500 84.200 70.000 
6.600 41.000 62.800 75.500 61.300 
2.600 37.300 57.000 79.400 68.600 
6.500 40.100 61.300 82.800 65.000 
12.200 42.400 72.200 85.200 57.100 
8.800 51.100 83.800 86.600 56.700 
19.100 41.900 76.700 87.200 49.400 
15.400 45.700 81.900 88.300 37.100 
18.900 49.900 83.200 83.000 35.100 
4.300 43.200 70.800 83.100 78.200 
8.400 40.800 74.000 87.000 72.300 
18.400 42.300 76.800 80.200 56.500 
20.300 50.400 74.400 84.200 68.900 
21.400 50.100 83.800 81.900 58.500 
9.300 47.500 84.400 82.800 42.300 
11.300 49.800 79.600 83.000 48.600 
12.000 51.100 77.100 84.400 55.600 
8.900 47.700 73.300 85.100 61.500 
8.100 42.500 69.500 86.700 59.100 
7.900 38.700 72.700 80.700 53.100 
0.900 36.700 64.600 81.100 50.800 
23.100 44.400 80.700 86.900 68.000 
13.200 47.300 80.800 84.900 66.200 
16.400 45.800 80.200 84.600 71.800 
10.900 38.900 60.900 75.600 64.100 
9.700 41.900 69.600 74.900 47.000 
10.000 46.900 76.300 82.400 67.400 
13.600 53.400 85.700 89.400 64.100 
20.200 43.200 83.200 89.900 65.200 
17.300 45.800 75.100 85.600 56.100 
19.400 38.600 71.400 83.900 62.400 
15.000 36.700 74.800 86.900 68.400 
18.300 49.800 81.100 79.400 48.400 
14.100 47.800 78.900 84.500 71.200 
9.600 54.400 81.700 86.400 60.300 
16.500 53.400 80.700 78.200 63.200 
19.700 57.200 77.800 85.500 67.200 
21.000 52.500 80.200 84.900 60.800 
12.600 42.500 79.200 77.600 56.600 
6.400 48.900 76.800 77.000 55.900 
8.000 50.700 71.100 79.800 63.300 
10.500 41.500 76.900 88.000 50.100 
19.000 40.000 83.300 87.500 10.200 
12.300 38.600 82.600 72.000 35.100 
16.100 45.100 77.700 86.600 72.100 
11.100 41.600 76.200 86.200 68.000 
19.200 47.800 81.900 88.600 62.800 
15.800 43.900 76.800 85.200 73.400 
9.800 36.000 68.600 77.700 55.900 
3.500 37.600 65.100 75.000 68.000 
2.900 36.300 63.800 79.600 74.200 
15.600 48.100 82.700 86.400 70.800 
15.300 48.000 81.000 87.900 69.800 
21.500 37.600 73.000 83.400 48.100 
17.100 42.800 78.300 77.600 61.900 
16.100 43.100 78.400 83.900 59.700 
17.800 54.400 77.300 81.700 71.200 
16.600 48.300 83.300 86.500 62.800 
17.200 50.300 73.800 86.100 74.900 
21.300 45.200 78.400 82.700 63.200 
19.400 39.100 82.700 79.500 67.000 
9.900 39.100 73.900 64.400 69.800 
11.100 44.100 79.500 65.700 72.900 
16.300 44.700 83.400 77.600 61.000 
11.200 54.300 79.000 78.300 51.600 
14.200 52.600 78.100 75.700 45.900 
13.600 45.600 80.400 85.300 40.700 
11.700 47.500 78.800 88.000 52.200 
5.800 42.100 73.000 86.100 71.700 
0.600 38.200 69.900 83.500 62.300 
6.100 41.700 68.600 85.300 62.400 
9.500 39.300 72.200 86.000 73.500 
2.000 38.000 65.100 83.600 75.000 
12.200 41.600 65.200 77.900 41.800 
17.300 45.000 70.700 80.600 26.600 
20.000 41.800 83.000 84.800 65.300 
13.800 47.500 79.600 83.600 58.900 
13.900 45.300 78.800 81.300 60.800 
25.100 40.000 85.000 88.500 42.800 
19.100 47.600 80.800 87.000 34.900 
25.700 45.600 65.000 78.500 47.800 
6.800 39.100 85.800 82.800 31.800 
19.300 40.500 78.000 84.200 25.200 
21.400 39.500 79.200 84.300 16.100 
9.400 42.500 82.300 76.200 44.800 
9.100 53.500 84.000 60.000 71.400 
8.800 54.300 83.700 56.000 55.800 
16.600 53.100 83.300 75.300 39.100 
13.400 52.600 78.100 78.900 26.600 
20.700 57.500 85.500 86.300 32.300 
18.100 50.700 80.900 82.100 52.500 
19.900 49.000 81.100 84.800 45.900 
11.900 45.500 72.900 84.300 53.600 
0.500 43.200 63.500 84.900 69.700 
1.700 40.100 65.400 80.100 60.900 
23.000 48.000 81.300 86.100 25.800 
17.300 50.400 80.800 86.200 36.500 
17.000 46.400 73.900 77.800 27.500 
17.400 50.500 73.500 72.300 15.600 
18.900 47.000 72.900 76.900 30.500 
10.100 48.300 79.200 82.300 60.500 
16.800 40.100 71.500 79.600 47.700 
17.700 36.300 70.600 83.500 33.200 
8.300 40.800 77.600 84.000 69.500 
7.500 43.100 77.400 84.800 74.800 
-999.000 43.700 76.500 -999.000 -999.000 
20.700 37.200 83.000 86.500 55.100 
15.700 47.000 77.600 87.900 51.300 
13.700 55.700 82.000 78.600 44.400 
13.500 63.100 83.200 78.900 56.200 
10.000 47.000 82.000 82.300 61.100 
22.200 41.400 83.300 87.300 28.800 
16.900 57.700 78.100 78.400 30.200 
18.600 54.700 79.800 77.800 23.900 
9.900 49.300 79.400 88.100 41.000 
11.800 45.000 74.600 86.300 52.100 
4.600 43.400 67.700 84.100 58.400 
0.600 40.200 67.300 81.000 70.400 
11.900 43.100 71.500 83.200 41.200 
10.100 45.500 79.300 85.800 66.900 
9.700 47.600 82.300 85.800 61.000 
13.200 49.000 77.100 73.000 33.900 
10.000 44.400 70.700 73.600 53.200 
17.300 45.900 74.400 73.500 28.300 
13.300 45.900 75.700 86.300 49.500 
15.300 47.000 75.700 84.000 52.100 
11.800 49.300 78.100 85.100 56.400 
16.700 47.200 77.900 83.800 63.600 
18.300 50.100 80.500 84.700 23.800 
13.900 40.300 76.400 77.800 57.200 
11.300 48.900 78.700 72.800 40.800 
11.200 52.600 84.300 84.600 57.800 
8.000 43.200 77.700 83.100 59.000 
11.600 42.900 78.500 83.100 53.800 
18.400 47.000 81.000 72.600 42.600 
18.700 50.500 84.500 58.300 20.200 
15.300 44.900 78.700 85.200 29.000 
8.700 44.900 70.300 83.700 22.400 
0.900 39.100 65.800 78.900 44.900 
5.800 29.700 55.000 61.700 45.900 
-999.000 -999.000 -999.000 -999.000 -999.000 
12.500 45.600 81.400 86.000 43.900 
19.200 48.000 86.100 83.900 16.600 
22.600 48.100 81.000 75.900 22.400 
20.100 47.400 82.100 74.300 19.700 
13.500 49.600 86.100 84.000 34.400 
12.200 44.700 80.300 86.800 61.400 
15.500 49.800 82.900 85.300 58.000 
11.400 52.900 82.400 84.800 51.000 
13.600 44.900 78.400 82.700 58.200 
21.500 38.800 78.100 85.800 78.000 
22.000 40.900 73.700 85.700 82.900 
17.100 42.300 83.400 71.000 42.400 
16.400 45.200 75.700 79.300 39.600 
9.600 48.900 79.900 82.500 16.000 
18.000 58.500 83.700 87.200 59.000 
16.100 47.200 81.500 85.500 54.400 
18.400 39.500 79.000 66.300 21.400 
14.500 50.900 78.500 71.500 22.700 
13.900 48.300 74.600 74.300 19.000 
1.500 44.300 62.500 76.400 45.400 
-999.000 -999.000 -999.000 -999.000 -999.000 
-999.000 -999.000 -999.000 -999.000 -999.000 
-999.000 -999.000 -999.000 -999.000 -999.000 
20.400 39.400 84.300 81.500 3.700 
21.200 51.500 85.100 85.000 38.700 
21.200 53.800 81.500 82.300 61.600 
14.900 47.600 85.800 85.400 50.600 
12.300 46.000 85.100 83.400 48.200 
10.100 46.000 81.300 80.500 53.500 
13.700 52.200 79.900 82.200 52.900 
19.400 41.600 79.800 85.700 61.000 
21.300 45.300 78.300 85.100 59.500 
20.500 42.700 72.400 85.300 77.200 
18.300 43.300 71.200 81.700 46.800 
10.100 38.500 76.100 80.400 11.000 
16.700 49.900 70.000 76.700 35.900 
19.700 52.600 80.700 85.600 58.400 
17.800 44.100 82.400 83.800 61.600 
17.700 44.800 82.000 84.000 51.100 
16.000 40.600 75.300 62.100 9.000 
-999.000 -999.000 -999.000 -999.000 -999.000 
-999.000 -999.000 -999.000 -999.000 -999.000 
-999.000 -999.000 -999.000 -999.000 -999.000 
-999.000 -999.000 -999.000 -999.000 -999.000 
-999.000 -999.000 -999.000 -999.000 -999.000 
14.900 38.900 71.400 80.600 58.400 
12.500 53.400 79.700 79.700 46.200 
18.600 49.300 78.800 81.000 48.500 
20.800 50.600 85.400 86.400 65.100 
11.700 46.500 84.600 78.800 62.900 
9.000 43.900 78.900 82.500 68.000 
7.700 42.500 82.400 85.800 72.300 
14.400 40.900 75.500 86.900 58.000 
18.400 45.700 73.900 83.100 51.700 
20.300 49.200 72.900 84.000 31.100 
16.000 42.800 73.000 79.200 61.500 
8.500 40.600 68.700 83.400 73.900 
20.400 47.700 74.000 79.200 52.500 
15.500 54.800 81.400 83.700 60.000 
18.500 55.300 82.800 80.800 52.700 
22.300 53.200 82.000 84.500 51.100 
23.400 46.300 74.300 86.300 41.400 
-999.000 -999.000 -999.000 -999.000 -999.000 
-999.000 -999.000 -999.000 -999.000 -999.000 
-999.000 -999.000 -999.000 -999.000 -999.000 
-999.000 -999.000 -999.000 -999.000 -999.000 
8.800 46.600 72.800 83.400 54.100 
11.900 44.800 79.600 79.800 61.900 
14.200 50.000 82.200 82.700 51.100 
13.600 48.000 83.100 86.900 63.300 
16.300 44.400 84.800 85.800 60.800 
10.900 41.900 82.000 82.400 59.300 
5.700 46.200 80.200 80.600 68.400 
7.300 44.500 81.100 85.000 75.100 
17.100 41.500 80.400 85.200 52.800 
18.400 43.700 81.800 84.800 54.500 
20.400 41.500 76.600 80.100 42.500 
16.400 44.200 63.800 79.900 66.700 
19.400 46.200 62.800 79.200 60.300 
-999.000 -999.000 -999.000 -999.000 -999.000 
12.200 52.800 83.900 85.500 63.800 
18.400 57.000 81.800 78.700 40.800 
20.200 45.000 73.400 86.200 50.400 
20.800 45.200 72.500 78.300 57.400 
-999.000 -999.000 -999.000 -999.000 -999.000 
-999.000 -999.000 -999.000 -999.000 -999.000 
-999.000 -999.000 -999.000 -999.000 -999.000 
-999.000 -999.000 -999.000 -999.000 -999.000 
-999.000 -999.000 -999.000 -999.000 -999.000 
23.200 43.300 79.100 85.600 43.700 
22.600 51.600 85.500 87.000 44.400 
12.800 43.900 84.400 84.400 51.300 
9.500 42.400 86.200 87.700 75.700 
12.500 40.700 82.800 88.300 69.700 
16.000 46.100 84.300 82.500 64.600 
19.300 47.400 85.900 86.300 69.000 
16.900 39.600 83.500 85.400 59.300 
22.300 50.800 81.600 80.800 49.700 
18.700 52.800 83.200 75.500 41.900 
19.100 42.500 70.900 79.400 46.800 
18.700 45.800 69.200 81.800 54.200 
20.000 43.300 72.400 82.800 55.800 
19.700 43.200 77.900 78.700 41.700 
19.400 37.300 77.600 84.000 60.900 
22.400 39.700 73.400 82.800 67.600 
24.300 36.400 77.400 77.600 72.000 
22.100 39.100 55.400 79.300 56.900 
16.300 46.000 60.400 77.400 62.000 
18.300 45.800 70.500 85.200 65.600 
13.600 53.900 74.800 81.900 67.400 
18.700 39.500 80.200 82.800 60.600 
18.200 54.500 83.100 85.800 50.800 
15.900 51.400 84.900 84.600 49.400 
15.000 45.100 85.900 87.600 74.700 
16.300 45.200 86.500 88.200 78.900 
23.900 46.900 86.100 85.600 59.400 
24.300 49.100 86.300 83.200 54.500 
21.300 43.700 84.700 81.500 52.500 
25.300 49.300 82.200 82.800 47.100 
25.200 55.400 85.400 86.300 47.300 
19.600 41.800 83.500 88.100 43.800 
19.600 45.000 80.000 86.300 68.800 
18.200 45.200 82.800 85.400 74.900 
20.900 55.300 86.600 84.500 64.500 
20.800 32.100 75.700 77.900 56.300 
17.400 44.100 78.900 82.800 77.400 
15.700 45.900 81.600 83.700 78.500 
19.200 47.400 72.700 83.000 77.200 
12.500 51.800 79.200 85.200 74.900 
18.400 41.500 76.200 83.800 66.000 
16.000 41.200 76.500 83.800 56.300 
10.700 49.700 80.900 85.000 66.700 
18.200 50.200 74.600 84.500 51.200 
21.100 53.900 78.900 83.200 53.900 
28.300 51.900 81.200 87.700 46.200 
18.800 53.500 86.300 90.100 66.100 
17.300 45.700 84.300 85.900 49.100 
25.700 46.800 83.100 80.600 39.100 
15.400 45.000 79.600 71.100 42.900 
16.600 34.200 80.100 72.700 54.400 
23.500 51.500 85.000 86.800 62.500 
17.200 45.700 81.000 82.500 55.400 
18.400 41.900 80.600 83.500 60.100 
18.200 51.000 76.200 79.600 68.900 
14.700 45.200 73.000 80.000 60.800 
9.000 55.000 78.100 83.900 72.200 
19.500 50.200 80.300 81.200 73.600 
22.400 53.900 79.000 77.800 54.600 
15.000 50.700 80.800 79.800 44.600 
20.100 57.100 84.100 86.300 47.600 
17.100 57.000 80.200 82.600 52.800 
15.200 47.200 77.700 80.900 38.900 
14.100 54.000 83.700 85.500 51.200 
14.400 46.400 84.800 86.900 48.700 
18.300 44.300 83.300 86.800 45.800 
27.700 36.800 83.000 79.300 53.600 
27.700 43.800 77.500 64.800 49.600 
22.000 43.900 76.600 79.300 49.400 
18.800 41.400 84.600 88.300 55.700 
20.500 45.700 83.000 87.000 58.800 
24.000 48.000 83.000 85.100 60.700 
16.500 42.300 74.300 83.100 55.300 
6.400 42.100 67.400 80.500 52.400 
4.500 33.600 63.800 81.400 59.800 
21.000 61.000 81.400 78.400 7.000 
10.100 59.200 76.900 75.000 31.000 
13.300 52.400 74.300 73.800 52.500 
10.600 48.100 83.200 82.200 48.000 
14.000 55.100 84.300 82.900 33.900 
23.100 48.500 82.500 84.100 52.400 
19.500 51.700 77.300 83.400 65.500 
12.600 46.600 72.000 80.700 48.700 
4.400 54.200 78.400 81.600 54.200 
7.100 50.800 88.100 87.900 68.300 
21.900 51.500 83.800 85.600 60.800 
21.500 47.800 80.300 85.400 57.100 
23.700 47.400 82.500 81.400 48.300 
16.800 54.200 83.300 77.700 31.500 
16.800 52.500 84.900 84.000 40.200 
19.800 48.600 82.000 87.700 56.100 
15.900 42.900 81.200 87.400 63.300 
14.200 40.100 70.100 86.000 58.200 
5.800 38.200 64.600 77.700 60.100 
9.300 38.200 71.600 81.600 52.300 
-999.000 -999.000 -999.000 -999.000 -999.000 
13.700 54.400 76.700 81.200 58.300 
13.600 42.900 83.600 83.000 70.400 
18.400 42.800 82.000 72.900 21.600 
17.500 46.500 85.200 73.800 19.800 
20.800 43.200 79.900 81.800 42.200 
15.800 51.300 77.000 84.000 44.900 
9.400 51.100 76.800 82.800 40.500 
7.900 47.900 85.100 84.300 51.800 
17.000 53.900 85.900 86.700 65.000 
19.400 52.900 83.700 82.300 57.900 
19.100 49.000 83.100 83.700 53.200 
21.700 46.700 81.700 82.900 47.700 
26.100 52.200 79.900 77.100 45.400 
19.700 55.300 72.300 81.500 40.800 
19.800 49.200 75.700 87.800 52.900 
14.400 39.100 66.300 88.400 76.100 
17.100 41.400 77.900 87.700 72.500 
16.000 41.700 76.500 84.400 48.400 
13.400 39.200 74.600 73.100 34.200 
12.600 40.700 76.200 77.500 62.300 
14.000 39.300 78.300 80.400 53.300 
19.200 42.400 77.800 72.000 32.900 
16.600 49.500 74.800 75.200 49.200 
18.000 51.900 69.100 81.700 41.000 
15.100 52.300 80.700 84.200 47.100 
6.500 54.000 77.200 85.100 48.000 
9.600 42.200 82.900 80.800 36.100 
22.700 51.000 86.900 72.200 41.100 
23.000 46.900 85.500 69.300 45.700 
21.200 41.600 83.400 80.500 53.400 
21.900 44.800 77.300 83.500 57.800 
21.800 49.000 79.600 83.100 44.400 
22.800 56.900 80.400 86.600 56.100 
20.600 56.000 83.200 85.300 45.600 
20.000 43.800 80.400 88.200 66.900 
22.000 49.600 84.400 88.200 61.400 
20.200 50.500 79.300 85.700 49.300 
5.300 41.700 72.400 81.600 68.100 
6.100 40.600 79.300 82.600 71.700 
3.700 43.700 76.600 82.700 64.500 
7.600 43.600 76.500 84.000 69.300 
18.500 38.900 74.100 81.600 50.500 
17.700 48.500 74.800 83.300 31.600 
14.600 50.000 77.900 85.100 37.500 
7.800 45.900 80.300 84.200 43.000 
7.000 43.300 82.700 84.500 39.200 
18.200 42.900 84.100 67.000 31.100 
27.200 45.900 82.100 74.500 45.500 
21.300 45.500 88.000 85.600 55.100 
23.300 48.400 84.800 87.000 48.300 
19.400 44.900 85.100 88.600 52.200 
19.000 45.800 83.200 87.200 44.100 
17.700 50.400 78.500 87.000 54.300 
19.000 49.300 79.800 85.600 52.200 
23.000 49.800 84.500 86.800 57.100 
25.000 50.300 81.300 83.900 60.600 
17.000 43.100 78.100 81.500 61.700 
10.300 41.200 81.100 82.700 72.900 
9.200 52.100 77.200 88.800 73.500 
10.100 38.300 78.500 83.200 47.500 
13.300 40.500 76.500 70.300 28.600 
14.300 52.600 79.400 80.500 48.300 
15.000 48.700 78.900 83.700 57.300 
19.200 54.000 81.700 83.700 45.500 
16.500 48.200 80.300 75.200 36.200 
22.200 45.200 86.000 74.100 25.800 
17.500 49.800 87.600 81.200 37.000 
26.200 51.900 86.900 86.100 50.200 
18.700 46.900 85.000 86.100 44.300 
16.000 44.800 81.800 81.900 37.800 
12.300 47.300 76.200 88.600 55.500 
13.200 47.200 80.900 88.600 48.300 
22.900 48.700 83.200 85.800 44.300 
18.700 46.400 81.000 87.700 59.600 
18.300 42.800 81.700 85.200 44.900 
21.500 48.400 83.400 87.000 61.400 
20.900 50.100 78.700 88.300 53.400 
16.100 45.300 79.500 71.000 21.200 
15.500 41.500 75.400 80.700 52.300 
12.000 44.400 80.600 78.700 48.300 
17.700 53.100 69.500 81.200 47.800 
12.100 49.600 80.600 85.300 36.400 
9.600 48.800 81.900 81.200 43.000 
20.000 46.900 81.300 73.500 38.400 
21.800 52.700 85.600 78.900 52.400 
20.700 49.800 87.600 86.400 63.400 
18.200 50.600 85.700 83.200 53.600 
12.400 41.700 84.800 83.300 43.000 
16.300 42.100 79.800 86.400 38.800 
23.700 51.700 78.700 86.900 46.500 
26.300 49.900 85.100 88.300 50.000 
21.800 43.300 81.900 88.200 45.100 
21.300 47.300 76.300 86.800 47.400 
20.800 46.100 81.200 87.400 44.400 
19.600 47.000 74.700 76.600 59.200 
20.400 46.800 81.700 72.200 75.800 
12.900 40.500 75.800 80.300 48.100 
12.700 51.700 74.400 76.000 40.700 
15.400 50.300 76.200 75.200 42.400 
13.400 49.300 79.900 85.100 59.800 
8.100 47.400 83.600 80.800 53.700 
16.300 43.900 86.500 87.500 74.100 
11.400 46.600 86.300 87.600 79.700 
13.400 43.200 79.100 84.800 50.400 
16.600 44.000 80.400 83.400 52.400 
14.600 43.100 77.100 83.300 45.000 
24.100 42.700 85.100 84.700 40.800 
24.600 50.700 79.900 81.800 58.300 
19.300 44.400 81.100 84.500 62.400 
12.300 45.300 75.100 86.900 47.400 
15.300 43.800 76.900 88.000 49.200 
18.000 44.200 81.100 68.300 49.700 
13.700 44.500 80.500 78.600 67.200 
7.400 42.500 83.500 87.100 52.300 
10.000 35.000 77.300 72.100 43.100 
14.300 42.400 82.200 61.800 29.800 
16.800 46.900 78.400 67.400 28.600 
12.500 48.100 76.600 77.400 53.600 
7.100 33.200 54.900 64.000 58.900 
5.800 29.800 53.700 66.500 50.800 
5.700 38.000 66.000 77.500 57.800 
8.400 36.400 69.000 63.900 40.100 
12.900 42.100 80.400 84.600 53.400 
4.900 36.700 59.400 71.400 51.600 
8.900 34.000 53.800 72.400 50.100 
14.500 56.000 79.100 80.000 69.000 
7.700 53.200 79.900 78.900 71.200 
14.200 44.300 78.900 83.700 46.100 
18.200 43.100 79.500 85.400 35.300 
17.400 38.800 81.100 82.500 33.800 
14.600 40.200 84.500 89.000 38.400 
17.900 41.500 87.500 82.800 34.100 
14.700 44.600 86.700 86.500 23.700 
16.800 39.100 72.300 58.000 20.000 
12.300 44.300 69.100 73.100 30.700 
11.400 48.600 67.200 68.600 42.100 
4.700 34.200 51.900 55.700 38.600 
4.600 32.400 65.600 70.300 45.800 
10.500 34.600 63.400 60.600 46.500 
6.400 36.600 72.200 59.000 44.400 
8.400 35.900 63.800 61.600 48.600 
6.600 35.000 58.800 72.300 53.700 
7.600 37.400 74.600 82.500 61.100 
11.800 41.200 81.400 74.500 58.200 
17.200 38.700 75.700 71.400 38.000 
21.800 38.800 74.300 82.700 51.700 
25.100 50.900 77.800 81.600 33.200 
19.000 42.000 78.600 83.400 37.500 
19.500 38.800 85.700 85.500 35.400 
21.400 47.700 84.100 81.700 31.200 
22.100 45.900 82.500 83.900 24.800 
14.200 39.900 55.700 52.300 25.400 
7.500 40.300 44.200 53.500 43.000 
7.600 32.300 47.600 61.400 41.700 
8.300 32.500 62.700 69.700 50.900 
9.500 31.200 62.900 64.500 42.600 
17.200 42.000 76.600 73.200 57.600 
16.000 46.800 83.800 77.200 59.000 
17.000 42.200 82.000 87.100 62.800 
17.000 38.800 81.300 85.800 51.600 
15.400 37.500 76.400 83.400 44.700 
23.900 42.500 76.600 82.700 59.300 
21.500 38.400 74.900 80.600 78.000 
19.900 40.900 78.100 76.700 42.600 
19.800 44.700 77.600 82.600 38.700 
23.400 54.500 85.500 84.700 25.600 
21.600 56.200 84.800 78.800 17.500 
21.800 50.900 82.400 70.700 30.200 
3.200 50.700 40.400 50.400 42.500 
4.300 40.300 45.900 58.100 47.600 
4.300 32.400 45.200 58.300 32.500 
8.600 41.900 73.300 76.600 48.600 
7.700 44.900 83.000 84.400 51.000 
13.100 45.500 81.500 81.600 55.000 
8.000 40.500 82.900 86.100 74.900 
11.000 41.700 79.300 84.300 72.200 
16.100 45.800 78.100 87.500 52.200 
10.000 40.900 72.000 83.100 40.600 
18.000 35.800 80.500 80.700 48.900 
25.100 43.300 79.200 73.700 72.600 
20.900 48.700 82.000 79.400 62.700 
15.500 47.000 85.200 85.200 63.800 
21.600 49.400 89.200 83.500 21.100 
21.700 50.000 85.000 82.900 26.900 
12.400 42.100 74.900 89.300 65.300 
19.000 42.800 78.400 85.900 71.600 
2.600 39.300 49.900 44.500 35.100 
2.100 33.300 45.800 56.900 28.400 
8.100 42.500 60.500 69.000 35.700 
10.500 48.200 85.600 88.300 39.300 
12.300 46.200 85.000 86.900 52.800 
10.100 46.400 82.700 79.500 57.800 
14.800 51.200 75.900 79.700 60.900 
13.200 44.500 73.800 83.100 41.200 
15.800 42.800 82.600 84.800 39.000 
14.000 42.400 83.300 85.700 52.100 
22.000 48.700 85.300 81.800 62.200 
10.800 47.300 85.000 84.000 71.600 
14.300 44.700 84.800 86.100 62.000 
18.500 40.100 77.600 79.100 45.700 
23.300 45.900 86.900 87.300 49.600 
23.000 54.100 85.600 84.700 47.500 
21.700 55.600 82.700 85.700 31.300 
22.300 50.400 82.100 88.400 37.400 
12.600 41.500 69.900 62.900 70.700 
11.500 39.300 82.600 75.300 70.400 
14.400 41.700 84.000 84.100 61.400 
13.700 42.600 79.600 84.200 49.200 
11.800 41.600 68.300 63.900 34.700 
2.600 35.200 52.100 60.400 26.400 
7.500 41.600 54.000 57.700 22.100 
16.700 45.500 83.500 87.300 48.600 
19.800 42.400 84.900 88.200 59.000 
15.400 38.400 83.100 84.500 48.400 
13.200 47.900 69.300 78.900 41.500 
10.700 44.800 78.300 82.500 38.900 
18.200 44.300 83.400 83.400 43.000 
21.800 47.000 84.800 86.600 60.100 
16.300 45.700 85.500 85.200 57.000 
12.000 48.800 87.200 79.800 56.600 
17.100 43.400 82.500 84.100 60.700 
18.800 44.400 81.900 87.900 63.000 
21.900 40.500 86.800 88.700 69.600 
20.900 46.500 85.400 87.800 65.600 
19.600 51.700 82.400 87.800 50.800 
19.600 55.000 82.600 89.000 68.800 
12.200 41.400 71.900 81.700 54.100 
17.200 39.700 77.800 81.500 68.600 
16.700 39.800 87.400 75.000 58.900 
13.800 38.800 84.500 86.000 58.500 
9.900 39.300 76.100 87.000 59.600 
9.900 42.200 80.300 85.700 61.100 
4.800 38.900 56.100 71.600 41.000 
4.500 38.300 67.300 82.000 38.800 
10.100 38.100 76.200 86.900 53.900 
19.900 44.800 76.500 81.500 47.600 
17.000 43.100 79.700 85.000 43.900 
9.100 40.000 77.600 81.600 43.600 
13.300 45.300 83.100 87.300 58.800 
22.000 43.600 79.400 87.000 47.000 
20.100 48.000 83.300 87.200 59.500 
18.300 42.300 87.100 86.700 58.000 
19.400 44.100 87.300 85.700 63.000 
20.000 41.100 83.600 88.600 53.700 
22.300 44.300 84.500 87.400 65.000 
20.200 51.200 79.200 87.000 65.400 
13.800 55.800 81.700 85.400 54.600 
13.600 53.000 82.100 84.600 39.200 
20.900 48.700 82.500 79.100 39.900 
14.900 41.000 82.000 84.200 25.000 
14.000 40.100 66.500 81.400 61.600 
17.700 42.800 59.500 80.000 61.400 
17.900 47.100 73.500 82.800 57.400 
17.200 40.800 84.500 84.000 55.700 
18.700 36.900 84.900 85.600 62.500 
15.600 38.700 84.000 88.200 67.100 
11.700 44.200 75.000 84.600 63.200 
20.000 46.200 76.600 82.400 66.000 
3.900 38.600 70.900 83.800 51.800 
12.900 41.600 76.200 85.400 73.300 
14.400 46.300 76.500 83.900 46.200 
8.600 49.700 74.400 82.200 47.700 
13.200 46.700 80.400 84.400 52.600 
33.000 45.100 61.500 48.600 48.800 
14.100 49.200 82.000 87.400 57.700 
22.400 44.700 75.700 82.100 60.200 
18.900 46.000 84.900 82.700 47.700 
19.300 47.900 83.700 87.200 32.200 
19.800 43.300 84.600 85.100 29.000 
25.700 47.800 85.900 84.200 51.700 
23.000 52.300 81.200 88.200 67.300 
20.000 48.700 85.100 77.700 55.600 
17.700 54.000 86.100 86.500 34.300 
24.400 55.800 86.400 86.400 58.400 
22.800 51.700 85.800 88.300 74.400 
-999.000 -999.000 -999.000 -999.000 -999.000 
22.100 37.200 72.100 82.900 58.500 
17.800 44.800 62.600 82.000 66.500 
14.300 47.500 74.000 85.900 73.100 
22.100 35.700 79.500 83.900 54.500 
18.900 39.500 83.000 77.900 63.700 
11.000 47.500 84.400 85.800 82.400 
19.000 51.600 74.500 82.100 51.200 
9.500 48.800 81.500 83.200 57.300 
13.400 47.100 80.700 84.000 51.500 
15.900 44.800 84.900 82.700 40.900 
5.000 39.100 49.600 75.400 30.200 
19.000 40.700 56.800 72.900 42.300 
16.800 43.600 74.100 82.200 43.800 
16.900 40.400 85.600 88.200 45.500 
20.700 42.100 83.900 83.600 40.000 
22.900 44.800 85.300 76.900 24.500 
27.500 46.800 88.700 75.800 29.300 
28.100 58.400 88.600 88.300 42.900 
22.800 50.300 86.500 86.000 53.400 
21.000 54.200 85.900 83.400 48.700 
17.900 47.700 84.100 85.600 52.800 
15.700 47.200 85.200 86.400 68.100 
10.400 43.000 77.900 87.400 78.500 
9.100 42.900 78.600 87.100 75.000 
22.000 40.400 74.000 81.800 56.200 
15.300 42.200 79.500 84.700 65.100 
15.000 42.600 80.900 87.900 76.700 
9.400 44.000 80.100 84.100 67.800 
11.800 47.000 83.700 88.300 63.600 
10.900 38.500 77.100 86.100 62.600 
9.900 47.400 85.200 82.100 58.200 
16.200 50.700 82.700 84.500 59.500 
10.700 52.100 81.400 88.800 51.300 
17.000 49.500 82.900 89.000 69.000 
20.600 46.400 70.900 78.400 47.000 
14.900 36.400 82.000 80.500 57.500 
19.700 39.800 83.300 86.700 51.900 
24.100 48.400 79.500 87.600 45.900 
24.000 48.400 82.100 87.400 25.100 
31.900 55.100 88.900 80.400 20.500 
26.700 48.600 89.300 88.200 32.100 
29.500 57.600 87.500 88.100 36.000 
26.100 54.100 88.000 85.700 35.400 
27.600 55.200 86.400 88.900 52.800 
27.100 54.100 86.800 87.800 46.900 
22.300 53.700 82.900 85.000 25.100 
14.300 52.600 80.000 82.500 14.400 
12.800 43.900 73.600 84.500 65.700 
17.700 44.000 78.200 86.300 59.100 
11.900 41.400 81.500 85.900 52.100 
14.900 50.400 78.300 83.600 52.100 
13.500 49.000 83.800 88.300 73.700 
11.200 51.300 77.100 84.400 66.000 
13.400 43.200 77.400 83.800 59.700 
10.100 44.200 84.400 73.200 58.800 
8.300 51.300 81.300 83.400 68.100 
13.700 47.600 82.500 89.300 54.700 
16.800 47.500 86.600 89.500 62.200 
19.000 43.500 83.500 85.900 43.300 
21.000 31.400 82.100 86.100 37.700 
24.000 39.900 84.000 87.400 19.000 
25.900 44.700 82.800 89.000 27.800 
21.300 50.600 86.900 87.800 43.300 
25.600 47.300 85.300 88.200 37.800 
25.100 48.600 87.000 84.500 21.900 
25.300 53.700 87.500 86.200 15.500 
26.100 50.900 88.400 88.000 47.600 
26.600 50.700 88.700 86.100 68.100 
26.700 50.100 87.600 89.100 44.700 
21.600 56.300 80.500 89.400 9.500 
20.200 55.600 85.400 79.600 17.800 
18.600 35.900 67.700 69.700 28.200 
11.200 34.700 70.500 88.500 66.900 
11.400 38.400 81.100 87.900 75.500 
17.400 45.200 86.900 85.600 65.300 
4.800 43.900 86.500 87.300 77.200 
10.200 47.700 83.400 86.500 60.700 
12.200 37.200 84.700 82.600 31.400 
8.000 39.800 83.100 80.100 42.400 
7.200 48.000 84.100 86.600 54.200 
14.500 47.400 86.500 87.900 43.400 
17.200 51.300 84.000 85.700 40.800 
17.400 35.800 83.000 86.300 53.200 
24.500 34.400 86.200 88.300 15.400 
21.700 47.800 85.000 83.800 4.800 
22.900 45.700 87.700 86.000 24.100 
24.200 48.900 86.900 88.800 50.000 
25.500 49.200 84.600 86.700 44.000 
30.000 54.700 88.300 89.500 24.600 
27.600 56.000 89.600 87.000 23.500 
23.000 53.300 85.600 73.900 27.100 
23.800 52.600 76.800 84.200 59.500 
26.600 46.600 79.600 86.900 55.200 
23.600 59.200 78.500 86.500 20.300 
23.100 58.300 77.900 80.700 24.800 
28.300 53.000 84.100 82.800 23.800 
15.600 37.900 78.300 87.800 79.500 
8.400 39.400 80.200 87.500 83.600 
9.500 47.600 84.500 88.200 75.000 
16.000 41.000 82.100 86.000 62.600 
10.300 41.800 86.000 86.300 56.500 
14.500 47.700 84.600 80.300 48.200 
14.200 46.000 85.600 84.700 45.600 
17.200 51.900 85.900 81.100 53.400 
10.000 59.900 82.700 80.500 46.400 
14.000 54.100 75.900 77.500 61.200 
23.100 56.900 78.900 85.800 56.700 
20.700 50.400 87.000 89.600 48.700 
22.400 39.700 86.900 87.800 35.800 
24.100 45.500 87.900 80.400 7.000 
21.600 39.500 87.000 83.500 2.800 
33.800 39.700 87.800 86.100 34.900 
30.400 46.200 82.700 85.700 40.100 
10.500 47.900 83.500 84.700 46.300 
21.700 57.000 88.900 65.200 26.000 
15.000 47.200 84.700 77.100 18.600 
22.500 52.200 82.500 86.600 40.800 
20.200 54.800 82.200 86.700 62.500 
13.200 50.800 69.900 84.000 58.600 
28.800 55.800 86.200 86.700 37.000 
15.800 51.500 77.300 85.200 25.900 
2.200 44.100 77.000 84.700 24.900 
11.600 42.400 74.600 87.100 81.000 
9.500 55.900 84.000 86.300 73.600 
14.100 40.500 85.700 81.700 72.700 
15.500 46.500 84.200 79.000 72.600 
16.000 55.700 83.300 79.300 46.200 
14.600 48.900 84.900 87.000 54.200 
17.800 49.600 84.600 81.900 53.200 
13.400 58.500 80.900 82.600 51.900 
16.200 51.900 64.700 73.800 55.100 
19.100 49.200 66.400 78.600 55.700 
14.600 60.100 86.200 88.900 53.600 
15.300 49.500 82.500 89.000 48.800 
18.400 46.800 87.800 85.200 12.900 
32.700 47.300 87.500 85.100 6.600 
31.800 41.900 86.800 88.100 19.500 
35.000 42.800 83.000 85.400 51.700 
8.500 39.700 80.900 85.000 39.400 
13.400 38.000 84.300 85.500 40.200 
10.700 45.500 83.500 84.900 47.600 
12.800 48.300 82.300 87.100 57.200 
22.500 57.500 87.400 86.800 45.700 
2.800 38.700 62.000 84.400 69.200 
18.300 49.700 75.900 63.100 41.900 
11.100 50.400 74.200 64.600 40.800 
10.100 45.800 69.400 84.200 54.300 
-999.000 -999.000 -999.000 -999.000 -999.000 
15.000 43.200 81.300 85.500 83.500 
13.900 43.700 82.800 83.600 77.200 
20.400 48.900 82.600 67.000 42.000 
18.500 49.800 84.400 78.800 40.600 
14.200 42.800 83.700 87.300 51.300 
6.800 50.800 84.700 88.500 68.800 
7.400 51.300 81.800 85.800 64.500 
10.400 50.100 77.300 83.300 53.000 
11.600 56.100 80.500 82.700 51.700 
19.700 55.700 85.800 87.500 40.200 
18.700 50.300 83.900 86.500 17.200 
21.100 53.500 89.000 87.400 7.600 
22.800 52.200 88.500 81.800 5.700 
27.400 49.200 87.500 80.100 17.700 
26.800 32.400 79.400 85.700 55.000 
9.500 29.600 80.900 88.000 54.800 
10.600 33.900 86.600 84.600 58.400 
16.900 47.900 85.700 81.100 44.600 
11.100 55.900 83.200 82.200 47.100 
8.500 51.500 79.700 68.100 37.200 
2.400 43.700 75.800 61.700 46.300 
3.400 42.800 63.700 53.600 44.000 
23.000 52.900 82.700 70.500 51.800 
29.600 53.300 85.300 84.400 14.400 
26.300 45.300 82.600 84.900 12.900 
19.100 44.300 81.500 87.100 74.800 
20.400 51.100 78.500 85.600 61.200 
15.700 35.700 86.000 79.100 49.900 
13.600 40.300 86.400 80.100 59.800 
17.900 40.500 82.400 64.900 40.500 
9.200 44.800 77.200 77.100 51.000 
18.000 45.800 72.100 79.100 48.800 
17.100 53.400 79.500 87.900 26.900 
22.800 59.900 87.800 88.400 6.600 
20.700 53.500 86.400 88.200 9.400 
23.300 50.400 87.200 88.100 6.600 
24.100 56.500 90.700 89.800 5.900 
22.300 55.700 86.700 86.400 15.000 
27.900 49.200 83.100 80.000 45.100 
28.800 33.300 85.700 88.900 47.400 
18.100 32.000 82.100 87.300 57.500 
25.600 49.500 87.300 84.500 50.100 
23.900 53.700 87.300 85.900 44.700 
6.500 56.300 82.100 80.300 41.100 
10.000 50.600 85.100 83.400 38.100 
12.500 41.100 78.700 72.200 56.200 
26.500 48.600 85.700 68.500 58.500 
27.200 53.600 87.000 71.100 24.700 
33.000 55.200 83.800 85.100 13.300 
31.300 57.000 83.900 87.600 15.900 
19.900 60.700 76.800 52.600 56.700 
15.800 50.300 84.500 58.100 62.900 
17.100 46.000 86.100 74.900 56.500 
20.000 43.600 88.700 55.800 40.900 
14.800 48.900 75.200 88.100 49.400 
11.800 56.300 79.200 85.700 19.500 
20.600 57.000 85.500 89.200 6.800 
22.900 53.200 84.800 88.900 8.100 
22.500 50.600 83.300 87.400 12.900 
20.400 51.900 88.700 88.900 9.000 
20.800 51.400 87.000 89.600 8.600 
18.800 43.500 85.700 87.700 36.400 
23.900 47.700 86.800 88.600 45.200 
13.700 41.700 85.300 87.900 37.500 
18.200 36.700 87.000 86.900 52.300 
16.300 48.600 86.200 87.100 57.700 
6.400 41.800 80.300 84.700 43.800 
15.200 45.200 84.500 85.700 61.900 
21.300 51.800 87.400 85.700 41.000 
31.200 48.600 86.500 75.100 3.400 
30.200 51.100 89.200 77.700 14.200 
30.400 53.800 85.300 82.300 13.200 
34.300 53.700 82.300 82.400 25.800 
28.700 51.100 81.900 78.100 15.800 
13.800 53.800 78.500 58.700 73.600 
18.000 50.100 78.200 74.200 66.000 
24.000 34.800 85.000 25.800 23.500 
13.600 53.300 76.300 88.200 27.700 
10.400 44.300 84.900 88.000 48.800 
20.700 49.900 86.300 84.100 30.100 
23.700 49.200 84.400 85.600 38.600 
19.800 45.900 82.900 83.700 9.100 
16.700 48.400 88.500 89.900 25.300 
18.300 36.800 87.100 88.000 39.200 
26.900 41.600 87.000 85.300 48.900 
13.400 42.300 85.200 82.700 30.000 
9.600 41.800 87.100 85.500 33.600 
16.400 42.500 78.000 83.500 67.400 
19.500 38.200 78.000 82.200 65.800 
7.700 48.300 78.400 84.000 48.700 
12.700 53.400 76.300 87.200 47.100 
12.000 44.800 83.700 85.800 48.500 
20.300 45.600 88.200 84.200 57.000 
29.900 41.600 87.300 79.200 10.000 
27.300 49.700 81.200 74.400 16.100 
34.000 46.600 77.200 78.300 17.200 
32.500 43.400 80.300 79.000 7.100 
25.000 49.700 76.300 86.600 2.700 
7.800 52.200 81.200 88.300 63.800 
10.700 51.300 80.400 89.100 57.900 
20.200 50.100 85.100 87.900 44.400 
14.200 52.800 88.400 90.300 46.900 
17.200 40.900 82.700 80.800 25.300 
17.600 40.700 87.800 87.800 3.900 
9.800 49.100 88.500 90.400 5.600 
21.200 41.900 84.100 84.500 27.200 
17.600 50.700 81.300 89.700 52.900 
11.400 47.800 83.500 85.000 50.900 
19.000 47.300 84.000 89.300 60.000 
20.900 45.800 84.500 88.900 57.900 
7.800 41.900 79.600 86.600 51.400 
7.400 50.700 75.100 87.700 68.200 
14.400 51.500 82.300 86.100 66.800 
22.800 45.300 87.700 83.500 42.900 
29.200 44.100 88.300 76.400 26.000 
29.600 43.500 79.600 76.200 11.000 
23.100 54.000 79.200 75.700 21.900 
13.000 52.100 81.800 78.100 29.400 
-999.000 -999.000 -999.000 -999.000 -999.000 
19.100 44.800 78.200 74.900 8.500 
24.300 40.000 53.100 58.000 2.700 
21.400 42.300 80.400 80.800 4.100 
18.800 58.500 85.700 83.200 41.400 
20.200 59.700 87.000 86.900 47.600 
20.700 57.800 86.700 86.500 35.100 
18.100 42.000 76.200 43.800 18.900 
11.400 45.000 80.200 81.000 5.700 
16.200 53.500 82.000 89.400 13.800 
22.300 51.600 82.000 89.100 54.200 
20.600 45.300 84.400 77.200 31.500 
18.000 52.000 79.900 77.100 30.100 
20.900 50.600 82.900 87.700 32.100 
17.900 44.000 83.400 86.600 42.700 
11.300 33.500 82.800 88.400 49.900 
18.300 49.600 83.000 82.600 64.000 
30.700 57.300 88.800 88.300 53.900 
24.300 53.800 84.900 87.100 43.100 
21.900 51.500 82.700 83.900 24.000 
23.900 45.200 82.800 84.300 28.800 
27.200 55.400 81.100 80.500 54.800 
30.100 52.900 77.300 78.200 31.300 
41.800 53.400 80.600 85.700 10.800 
10.900 49.500 78.900 60.100 17.300 
26.400 39.800 64.900 75.700 7.400 
24.100 40.900 74.100 81.000 4.100 
19.600 53.500 87.400 88.400 20.300 
22.400 58.700 87.200 88.000 39.800 
21.600 57.700 87.100 88.200 46.200 
24.000 35.600 79.200 71.500 44.000 
22.000 51.500 86.000 87.000 3.100 
25.000 48.900 89.500 89.900 19.000 
22.700 44.900 88.000 88.800 27.200 
13.000 44.900 86.100 80.400 37.900 
9.500 49.400 85.900 86.400 54.500 
14.000 46.600 82.000 86.100 43.200 
16.000 47.300 84.000 89.800 60.400 
30.600 49.300 89.200 85.000 55.000 
26.400 56.100 86.800 87.200 53.400 
32.400 57.000 86.400 86.500 59.000 
19.600 56.200 79.700 84.600 36.500 
13.300 52.000 82.900 87.500 53.000 
19.800 42.600 79.700 87.600 50.500 
21.900 48.700 66.500 78.800 40.200 
6.200 36.400 43.500 73.900 58.100 
12.800 38.500 84.200 86.000 12.400 
16.000 40.800 88.000 83.900 7.700 
13.500 51.100 76.500 81.700 44.400 
10.700 52.600 83.600 86.800 55.400 
22.500 41.600 78.700 62.700 29.600 
24.000 53.700 73.900 78.800 6.300 
21.500 52.700 88.100 78.800 3.300 
24.600 50.900 86.000 84.800 8.700 
24.300 51.200 88.400 89.000 3.700 
19.100 46.600 87.900 87.600 35.600 
9.700 40.400 86.100 84.900 46.600 
5.900 47.600 86.900 86.500 44.400 
17.200 48.200 88.100 83.900 30.900 
28.400 51.900 90.200 89.200 53.800 
24.100 53.400 88.300 89.000 52.000 
26.400 49.900 86.200 88.700 63.800 
29.800 52.500 81.300 81.100 53.300 
11.000 37.700 55.800 50.100 20.800 
9.200 36.400 64.300 68.300 33.800 
5.400 33.600 62.700 69.000 57.900 
11.200 38.800 53.100 69.900 41.700 
10.600 35.300 45.300 65.000 43.100 
6.500 37.000 50.500 71.500 37.000 
18.800 40.900 86.800 83.800 4.700 
27.600 40.800 50.300 45.800 5.000 
4.900 40.800 70.600 55.200 12.400 
15.800 58.900 81.800 86.300 38.800 
18.800 59.000 80.300 85.100 41.800 
18.900 52.500 85.600 80.200 11.400 
20.600 58.400 87.300 84.100 31.600 
25.300 51.000 87.900 86.600 11.900 
21.200 47.100 84.400 87.900 46.100 
21.300 49.900 85.900 86.800 33.000 
15.500 53.100 85.600 81.400 21.600 
20.400 54.000 87.600 77.800 13.600 
24.700 49.500 85.300 83.800 39.400 
25.000 50.700 86.700 87.100 51.700 
28.200 56.300 84.800 85.900 45.000 
23.500 50.800 77.800 70.900 32.300 
5.200 28.100 46.100 34.500 13.200 
5.000 30.300 51.500 63.400 54.500 
5.100 29.900 52.800 50.500 56.900 
7.500 32.300 50.800 48.600 48.700 
5.900 36.500 58.100 63.800 43.200 
1.700 36.000 56.800 71.200 49.000 
3.200 32.700 53.700 70.000 35.900 
18.600 57.600 78.000 82.500 24.500 
24.600 53.700 86.800 87.400 7.900 
22.100 54.600 89.800 89.100 5.300 
23.500 44.700 78.800 75.400 23.800 
23.300 47.700 86.500 83.400 35.000 
25.500 50.100 83.900 81.600 29.500 
16.100 43.600 83.300 83.700 14.200 
23.300 51.700 88.700 87.600 5.000 
20.100 44.100 89.100 86.900 17.200 
18.400 49.800 90.000 84.800 15.400 
21.200 48.300 86.100 83.600 18.400 
16.700 46.100 76.400 73.900 44.500 
12.800 34.300 57.800 57.800 42.500 
13.400 35.400 58.900 55.100 30.800 
11.700 29.600 51.700 35.800 12.200 
8.700 30.300 48.000 31.900 22.200 
5.100 31.500 56.700 57.300 52.300 
4.500 32.900 56.800 58.600 54.900 
3.200 32.100 54.700 60.000 56.500 
2.300 33.200 61.000 75.400 46.700 
1.100 36.100 53.500 68.600 48.300 
9.600 49.900 73.400 83.600 3.500 
21.300 45.300 79.600 73.500 4.400 
21.500 52.700 87.700 86.600 6.700 
18.200 55.400 78.000 78.500 3.200 
24.100 48.600 75.600 76.800 20.900 
23.200 38.800 79.100 87.300 19.500 
19.200 28.200 81.900 78.800 11.600 
21.000 34.800 86.900 83.200 8.400 
23.800 36.400 85.500 71.600 9.100 
22.400 44.500 90.500 78.200 10.300 
25.400 52.200 89.600 81.900 21.500 
15.900 40.400 66.200 50.600 27.400 
9.700 29.300 43.500 43.300 28.000 
9.900 28.000 41.800 44.800 35.500 
7.100 28.600 56.900 42.300 17.400 
5.100 29.900 49.600 42.200 22.000 
6.100 29.800 50.800 49.600 32.500 
4.200 33.000 56.600 48.200 33.100 
3.700 33.500 56.700 58.400 45.200 
1.900 36.400 58.200 67.400 31.800 
6.100 38.400 49.300 47.300 24.100 
18.400 45.700 73.000 85.800 4.300 
25.300 44.000 75.600 79.800 3.800 
21.200 41.000 87.700 90.600 4.500 
15.500 46.400 75.700 86.500 3.000 
18.900 42.200 79.200 61.400 12.000 
21.600 39.100 79.100 50.500 12.700 
24.200 28.400 80.400 74.800 30.100 
28.100 30.400 88.100 82.200 9.100 
27.400 39.400 88.200 83.100 9.900 
23.100 45.300 88.000 88.000 22.100 
28.100 52.200 87.700 73.600 38.800 
24.100 48.600 84.300 67.100 27.400 
8.000 36.000 51.200 41.100 20.100 
15.700 40.900 68.800 73.900 40.000 
8.700 29.600 56.400 57.600 29.700 
5.200 31.500 51.200 61.300 52.600 
5.200 32.400 45.800 56.400 42.700 
4.700 34.000 51.700 46.500 24.500 
2.100 35.100 55.600 61.300 30.600 
4.400 34.800 57.200 67.900 26.000 
6.400 33.700 54.400 51.100 19.900 
11.200 33.900 52.500 60.900 30.100 
7.300 38.000 68.300 79.100 16.400 
22.400 40.700 77.400 80.000 16.000 
19.400 46.700 66.700 81.900 2.500 
18.300 46.800 69.500 80.200 4.200 
25.100 40.100 82.500 65.400 17.800 
22.600 36.100 75.900 50.900 4.600 
25.700 26.400 82.100 69.700 4.600 
25.600 36.500 89.600 82.800 3.600 
23.800 43.300 87.900 87.600 17.500 
22.400 48.000 87.400 75.900 9.200 
23.100 50.000 79.800 71.500 17.200 
20.800 46.100 75.400 70.100 27.900 
10.200 32.200 50.900 52.800 35.100 
10.000 30.300 47.400 59.000 50.100 
6.700 32.700 50.200 61.800 50.600 
5.200 32.600 47.800 56.100 43.200 
5.500 31.700 49.100 56.200 36.100 
4.800 32.900 53.000 56.900 30.500 
4.100 33.900 63.900 72.900 41.200 
7.600 33.100 59.300 66.900 28.900 
17.700 27.800 69.700 79.300 17.500 
14.600 30.000 60.000 78.500 8.800 
1.000 38.900 61.000 75.200 31.100 
23.600 38.100 77.000 74.400 12.700 
18.200 43.100 58.600 72.500 4.900 
12.300 51.400 63.500 75.400 2.500 
22.100 46.400 82.500 74.700 4.800 
-999.000 -999.000 -999.000 -999.000 -999.000 
23.900 29.100 85.700 87.400 3.400 
22.900 37.600 87.700 84.900 26.000 
23.600 49.100 83.700 86.900 24.800 
23.500 48.300 84.700 71.800 11.900 
25.400 53.500 88.200 88.100 14.800 
24.800 53.300 85.800 87.300 13.800 
6.500 32.900 51.400 57.000 34.400 
5.200 32.400 49.000 53.200 47.400 
7.100 31.400 46.200 58.200 52.400 
4.900 29.900 45.800 59.000 54.300 
4.100 27.800 49.800 63.100 56.800 
5.400 33.500 57.500 56.800 40.500 
3.100 35.800 57.700 60.300 39.600 
8.700 32.400 53.600 74.800 27.300 
9.700 30.700 57.900 63.600 13.400 
6.400 31.400 54.300 69.000 40.000 
-999.000 -999.000 -999.000 -999.000 -999.000 
17.300 33.300 85.200 85.200 1.600 
18.900 44.700 85.900 87.400 25.100 
20.700 42.100 82.700 83.300 6.000 
22.700 40.100 83.500 71.700 8.800 
20.600 49.800 80.500 84.200 11.100 
19.300 44.300 87.000 88.700 12.000 
22.700 45.200 86.600 73.400 18.900 
16.800 51.700 88.200 86.200 42.300 
16.200 49.200 87.800 89.400 29.900 
15.600 51.500 83.400 87.100 26.100 
20.600 46.100 67.300 71.800 21.000 
15.300 31.700 47.400 47.200 51.900 
10.200 28.100 45.100 46.800 59.700 
6.000 32.900 47.900 58.100 59.700 
3.900 31.200 51.600 56.400 51.500 
6.900 29.800 54.400 59.300 41.700 
3.800 34.500 56.000 53.500 46.900 
6.500 32.600 45.500 61.700 38.800 
7.300 30.100 48.400 65.600 21.400 
7.300 32.200 54.400 66.300 50.500 
-999.000 -999.000 -999.000 -999.000 -999.000 
23.400 44.200 81.600 39.600 3.100 
19.900 40.800 86.500 79.600 6.800 
18.000 42.000 80.200 86.500 10.300 
21.600 43.300 71.700 77.000 25.000 
10.700 51.300 78.100 81.000 21.500 
20.000 58.300 85.600 82.400 6.400 
20.500 49.100 82.300 86.100 12.600 
23.400 49.200 86.000 86.000 13.600 
18.700 52.800 86.200 88.000 12.000 
22.900 45.300 78.800 86.600 9.600 
27.100 48.000 78.600 85.200 34.000 
15.300 34.900 60.100 53.800 49.400 
11.800 31.800 47.900 36.700 51.200 
6.100 37.100 49.400 53.000 55.300 
3.800 32.000 55.400 64.000 53.800 
4.000 29.000 51.900 64.400 58.100 
5.100 32.800 44.500 60.600 47.600 
10.000 30.700 46.700 50.300 33.200 
-999.000 -999.000 -999.000 -999.000 -999.000 
-999.000 -999.000 -999.000 -999.000 -999.000 
-999.000 -999.000 -999.000 -999.000 -999.000 
-999.000 -999.000 -999.000 -999.000 -999.000 
18.400 39.500 61.500 55.000 1.900 
20.300 50.900 75.900 76.600 23.900 
17.900 54.400 83.700 84.900 8.000 
21.400 46.100 79.100 82.900 37.300 
16.500 53.900 83.900 81.200 17.100 
23.000 51.400 86.400 78.500 9.400 
20.700 45.200 78.400 85.200 5.200 
23.900 41.900 78.300 86.700 12.700 
22.400 52.400 85.300 87.200 6.400 
23.300 46.500 78.100 86.300 9.600 
25.800 46.500 81.900 84.800 7.500 
18.400 46.000 81.800 81.600 9.900 
9.400 41.100 60.200 64.700 48.900 
13.200 51.500 66.800 79.700 59.500 
8.900 38.000 58.100 68.300 55.700 
1.800 28.900 46.100 59.700 51.600 
1.800 32.100 38.900 64.000 59.200 
-999.000 -999.000 -999.000 -999.000 -999.000 
-999.000 -999.000 -999.000 -999.000 -999.000 
-999.000 -999.000 -999.000 -999.000 -999.000 
-999.000 -999.000 -999.000 -999.000 -999.000 
-999.000 -999.000 59.300 -999.000 -999.000 
24.900 49.500 76.500 67.600 42.300 
21.900 41.600 78.800 83.800 31.700 
23.000 42.900 86.300 85.000 37.000 
18.800 46.900 82.400 86.800 63.700 
15.000 55.800 84.600 88.700 59.700 
13.700 45.500 85.000 89.500 56.600 
23.000 53.200 88.900 90.600 51.300 
20.200 50.000 85.300 87.600 65.000 
21.300 48.300 82.700 84.300 50.800 
15.200 50.400 89.100 90.600 16.200 
21.200 50.900 82.200 84.800 46.500 
13.400 51.900 80.900 81.800 71.700 
15.500 47.100 72.000 81.200 80.600 
-999.000 -999.000 -999.000 -999.000 -999.000 
-999.000 -999.000 -999.000 -999.000 -999.000 
-999.000 -999.000 -999.000 -999.000 -999.000 
-999.000 -999.000 -999.000 -999.000 -999.000 
-999.000 -999.000 -999.000 -999.000 -999.000 
-999.000 -999.000 -999.000 -999.000 -999.000 
14.500 28.600 68.300 76.400 40.400 
11.400 30.300 64.800 81.500 51.100 
22.400 38.400 79.500 80.400 57.900 
20.400 36.300 83.700 87.800 59.800 
19.800 40.600 85.100 86.100 65.400 
22.200 49.800 84.500 87.000 51.500 
17.600 52.400 84.100 88.900 44.400 
12.200 55.500 87.800 90.400 64.100 
9.300 49.000 87.900 88.900 77.900 
19.900 50.800 87.900 90.000 71.700 
23.100 47.200 87.400 88.300 50.800 
12.500 43.700 87.100 88.500 26.200 
18.000 46.100 85.500 89.200 50.700 
20.400 44.600 76.600 80.200 45.200 
19.400 36.100 65.200 76.000 55.800 
-999.000 -999.000 -999.000 -999.000 -999.000 
-999.000 -999.000 -999.000 -999.000 -999.000 
-999.000 -999.000 -999.000 -999.000 -999.000 
-999.000 -999.000 -999.000 -999.000 -999.000 
-999.000 -999.000 -999.000 -999.000 -999.000 
-999.000 -999.000 -999.000 -999.000 -999.000 
22.400 29.300 64.300 77.400 45.200 
26.700 32.300 75.100 79.700 53.800 
15.600 35.000 81.100 85.800 63.800 
24.700 34.800 68.000 72.900 40.900 
22.900 44.400 79.100 87.000 68.800 
14.300 49.400 85.000 80.200 63.700 
18.300 44.500 85.100 80.100 60.000 
25.900 51.200 87.200 81.600 53.800 
19.800 50.400 83.700 88.500 55.400 
22.600 47.700 81.200 88.300 62.800 
18.100 47.600 83.500 83.100 38.500 
18.600 48.700 87.200 88.100 10.200 
23.700 48.600 87.000 89.000 53.600 
26.500 43.000 76.900 78.600 54.300 
-999.000 -999.000 -999.000 -999.000 -999.000 
-999.000 -999.000 -999.000 -999.000 -999.000 
-999.000 -999.000 -999.000 -999.000 -999.000 
-999.000 -999.000 -999.000 -999.000 -999.000 
-999.000 -999.000 -999.000 -999.000 -999.000 
-999.000 -999.000 -999.000 -999.000 -999.000 
22.600 34.600 64.800 78.900 48.000 
26.500 32.600 83.400 79.900 44.400 
24.700 41.000 68.700 81.600 19.900 
-999.000 -999.000 -999.000 -999.000 -999.000 
22.400 35.900 79.900 85.000 59.300 
21.300 39.500 85.300 90.000 62.400 
18.900 41.800 83.300 80.100 57.100 
21.700 45.300 83.300 73.700 38.500 
23.700 49.400 84.800 76.800 27.500 
20.000 39.300 85.800 84.600 17.800 
23.900 45.000 86.900 88.200 23.800 
19.700 50.500 85.900 87.000 24.000 
22.400 44.500 87.700 87.900 52.700 
22.000 51.400 84.600 70.400 42.600 
25.100 46.500 69.900 73.100 50.700 
-999.000 -999.000 -999.000 -999.000 -999.000 
-999.000 -999.000 -999.000 -999.000 -999.000 
-999.000 -999.000 -999.000 -999.000 -999.000 
-999.000 -999.000 -999.000 -999.000 -999.000 
-999.000 -999.000 -999.000 -999.000 -999.000 
22.000 49.100 48.300 54.400 25.300 
22.700 49.300 68.300 80.200 45.000 
22.700 31.000 79.200 82.600 39.100 
23.300 36.300 70.100 82.500 59.600 
29.300 27.900 72.200 83.000 70.700 
-999.000 -999.000 -999.000 -999.000 -999.000 
20.600 37.200 80.700 81.900 11.500 
21.400 44.200 84.500 85.100 27.500 
20.100 39.000 79.400 72.000 21.300 
17.400 46.400 75.500 76.200 8.900 
20.000 48.500 81.600 87.300 4.000 
16.600 38.500 88.300 90.000 22.500 
16.200 36.900 90.100 89.800 28.100 
18.400 31.600 87.200 85.900 29.900 
18.200 46.400 86.200 77.400 35.000 
26.000 52.500 85.600 78.700 67.800 
21.900 48.400 77.400 84.000 46.900 
9.100 41.000 73.900 82.000 62.200 
-999.000 -999.000 -999.000 -999.000 -999.000 
-999.000 -999.000 -999.000 -999.000 -999.000 
21.400 41.900 57.500 76.000 52.000 
24.800 45.800 66.400 70.000 42.900 
23.200 53.100 72.500 82.500 33.200 
29.600 36.500 82.700 84.400 31.700 
25.900 32.500 87.700 83.000 51.500 
21.900 33.500 76.800 84.700 37.600 
24.800 38.100 81.700 80.100 12.700 
22.300 47.800 84.300 81.000 59.400 
26.500 35.100 64.400 60.500 26.700 
24.000 47.000 87.500 85.900 5.400 
16.600 52.700 88.500 88.500 30.200 
12.300 40.500 88.700 88.700 31.300 
19.000 29.600 87.500 85.200 6.100 
14.900 32.100 87.700 86.000 31.000 
21.400 50.200 88.300 82.600 57.900 
24.300 48.800 84.500 84.000 40.100 
15.600 41.500 77.600 81.700 48.600 
-999.000 -999.000 -999.000 -999.000 -999.000 
-999.000 -999.000 -999.000 -999.000 -999.000 
20.500 38.100 52.800 57.800 33.000 
27.100 34.100 49.400 38.900 27.300 
20.100 51.300 76.600 79.100 31.900 
23.000 46.900 83.400 86.500 32.200 
23.000 32.100 85.900 86.400 38.800 
19.300 33.800 73.400 81.000 37.600 
29.500 33.900 76.900 80.700 41.700 
8.700 43.800 73.500 88.600 59.100 
20.900 43.900 84.200 88.700 32.800 
16.900 48.600 81.100 82.900 26.700 
16.800 39.200 87.900 88.500 20.300 
19.300 34.000 88.300 89.500 25.100 
15.900 32.800 88.900 88.000 22.900 
12.000 39.200 88.700 86.800 43.800 
17.700 48.300 86.100 81.200 45.300 
11.500 44.200 81.500 76.800 53.200 
12.300 45.000 82.500 88.100 61.100 
13.000 42.500 68.300 81.100 30.900 
-999.000 -999.000 -999.000 -999.000 -999.000 
-999.000 -999.000 -999.000 -999.000 -999.000 
27.800 49.900 77.700 70.000 34.900 
21.000 52.200 77.400 87.400 51.700 
20.700 42.900 82.100 81.500 29.900 
19.500 34.300 81.400 77.800 31.300 
30.900 35.700 77.500 80.100 42.900 
5.400 48.700 53.600 85.800 52.800 
13.000 47.900 75.900 85.900 51.600 
17.100 44.500 81.400 77.200 44.600 
19.300 38.400 83.300 71.600 50.900 
23.700 34.100 87.600 86.800 29.000 
21.100 35.900 84.700 83.500 28.700 
21.500 42.300 82.500 87.000 24.100 
-999.000 -999.000 -999.000 -999.000 -999.000 
20.900 47.400 82.200 87.500 47.300 
13.200 48.500 88.100 86.900 49.500 
-999.000 -999.000 -999.000 -999.000 -999.000 
4.900 47.900 58.000 79.400 45.600 
4.400 41.600 68.400 78.400 46.900 
24.200 53.800 84.800 85.500 35.300 
25.500 49.100 80.500 78.500 32.700 
29.500 32.500 89.700 78.500 3.200 
20.100 40.500 88.700 88.100 6.400 
14.100 48.400 72.300 86.200 52.000 
16.900 41.000 80.900 84.900 59.300 
23.400 37.700 84.100 76.400 37.600 
14.600 31.600 83.900 69.700 17.700 
20.300 35.800 71.100 80.300 39.000 
17.500 33.000 84.300 83.600 35.800 
20.700 32.800 87.400 87.900 24.400 
19.600 38.500 83.900 82.400 27.000 
16.800 55.700 75.900 74.900 19.900 
22.300 54.200 87.800 90.700 35.900 
19.800 45.600 85.900 79.900 48.800 
-999.000 -999.000 -999.000 -999.000 -999.000 
9.300 46.800 73.100 84.500 51.400 
17.800 46.800 54.400 56.200 37.300 
-999.000 -999.000 -999.000 -999.000 -999.000 
14.300 45.700 63.800 78.700 39.500 
23.800 40.500 81.600 85.800 8.700 
19.900 29.100 84.600 88.300 13.900 
20.400 32.600 85.400 83.500 9.700 
24.400 30.700 83.900 77.300 9.700 
-999.000 -999.000 -999.000 -999.000 -999.000 
10.200 45.500 66.600 82.700 48.500 
22.200 40.600 70.800 77.400 36.300 
15.100 42.700 80.500 79.900 32.000 
11.000 40.700 82.000 88.200 49.600 
16.000 35.900 79.200 83.500 30.400 
15.500 30.400 83.900 85.900 21.500 
18.000 34.400 84.100 76.800 27.900 
19.300 51.100 84.800 84.900 19.400 
18.300 46.500 85.700 85.100 18.700 
15.000 42.500 64.300 74.600 26.200 
17.500 45.700 80.500 79.400 40.400 
24.200 46.700 42.900 27.900 21.700 
25.100 46.500 33.400 27.700 16.600 
-999.000 -999.000 -999.000 -999.000 -999.000 
-999.000 -999.000 -999.000 -999.000 -999.000 
26.600 37.400 88.400 86.800 1.800 
11.200 33.800 83.600 88.900 4.900 
12.400 29.700 87.200 85.200 9.100 
22.400 37.600 87.200 80.900 8.400 
5.200 50.600 61.400 77.200 21.000 
18.300 47.500 74.300 84.600 48.500 
14.500 42.600 77.400 83.200 40.300 
16.200 37.200 85.300 86.900 49.200 
14.600 41.400 77.700 84.300 46.700 
15.800 35.100 85.700 81.800 26.200 
18.900 31.800 84.000 79.200 26.100 
16.100 36.400 83.700 87.000 20.400 
15.100 42.500 84.500 78.100 16.100 
14.100 46.100 83.200 77.700 40.300 
10.600 53.900 80.100 76.700 18.200 
15.600 43.300 71.000 63.600 41.700 
27.200 41.800 31.000 28.800 18.700 
27.800 43.600 32.800 29.600 24.300 
26.600 40.100 34.200 32.500 24.100 
25.400 43.400 84.600 88.000 1.800 
14.500 42.500 85.000 87.100 5.200 
19.600 31.300 86.000 84.700 8.500 
24.000 30.100 85.700 80.700 11.500 
22.100 34.500 80.200 86.200 52.700 
17.600 37.200 70.300 82.700 5.100 
15.500 36.100 79.400 81.400 47.700 
9.000 35.700 85.200 85.700 60.900 
11.900 40.900 83.400 88.600 54.400 
16.700 27.700 81.900 87.100 29.700 
19.800 28.000 82.500 76.900 19.100 
18.500 27.800 84.700 84.200 35.600 
17.900 35.700 77.700 60.100 22.100 
12.700 48.100 81.800 76.400 23.600 
13.600 46.100 83.700 88.500 43.500 
19.600 42.900 80.900 84.800 37.400 
22.900 42.900 70.600 64.300 29.800 
28.500 51.700 34.100 35.800 28.200 
34.200 29.000 26.800 20.600 18.200 
25.700 44.100 82.800 84.100 16.000 
20.900 50.200 79.700 82.600 28.000 
25.000 37.000 71.800 82.200 31.600 
12.400 31.100 68.300 83.000 43.300 
15.800 36.100 66.300 86.000 61.000 
-999.000 -999.000 -999.000 -999.000 -999.000 
15.100 35.800 66.200 74.600 44.700 
11.400 40.500 84.800 86.700 65.900 
10.300 44.500 82.200 85.700 58.100 
14.200 33.500 81.500 87.900 57.300 
16.500 32.800 82.300 87.700 41.000 
16.400 31.900 87.600 81.900 45.400 
20.400 34.200 74.300 66.400 26.200 
24.300 45.800 81.100 79.600 18.300 
13.000 49.700 83.100 87.600 23.800 
8.300 44.600 80.100 85.000 33.200 
11.400 45.700 85.600 83.500 30.600 
9.700 44.300 77.000 68.500 24.100 
-999.000 -999.000 -999.000 -999.000 -999.000 
21.800 51.800 64.600 65.300 15.000 
13.700 56.400 75.400 87.100 41.000 
22.900 53.700 70.700 82.300 47.600 
22.100 40.200 78.800 85.800 25.200 
22.100 34.100 75.700 84.400 32.400 
26.500 34.100 78.900 79.700 17.700 
10.900 44.400 82.200 88.300 45.000 
8.600 37.800 85.600 89.300 64.800 
16.300 40.300 85.800 88.300 67.000 
25.000 42.700 85.500 89.000 48.200 
18.400 37.800 88.500 88.300 39.600 
24.000 31.700 60.300 51.800 17.700 
24.500 38.600 79.900 83.300 17.100 
19.300 47.800 81.200 84.300 27.900 
9.200 45.700 83.000 85.200 32.600 
19.800 43.400 62.600 56.300 23.600 
22.100 37.400 56.300 46.200 19.900 
22.700 48.100 70.900 70.500 27.100 
23.300 46.200 55.100 61.800 14.000 
21.000 56.900 64.500 77.700 19.900 
29.800 52.700 76.100 83.300 15.700 
24.500 50.500 77.600 76.800 39.700 
27.300 35.600 82.000 85.800 19.100 
27.700 34.400 79.100 86.400 38.600 
-999.000 -999.000 -999.000 -999.000 -999.000 
13.100 47.000 84.300 85.300 48.000 
14.400 46.700 80.200 83.600 33.000 
14.600 45.600 83.600 85.700 44.800 
14.300 35.200 75.500 80.300 32.000 
29.000 26.900 44.100 40.600 11.500 
25.600 28.200 31.400 15.500 11.100 
17.400 45.300 82.800 81.800 39.300 
9.000 48.900 79.200 81.200 41.200 
32.400 47.200 74.600 68.000 32.300 
24.000 45.200 80.900 83.800 38.200 
25.000 48.300 85.400 89.500 9.500 
23.800 53.400 78.700 87.100 15.700 
26.500 49.700 84.600 88.100 9.200 
31.700 48.000 80.300 85.000 7.300 
19.100 47.500 78.700 86.300 11.400 
23.200 38.300 82.200 88.300 7.000 
24.300 32.300 83.100 84.600 12.800 
-999.000 -999.000 -999.000 -999.000 -999.000 
16.600 44.600 83.500 84.600 46.800 
27.900 27.700 48.200 48.600 12.000 
23.400 28.400 72.400 73.400 11.200 
13.300 31.700 59.800 53.500 18.100 
11.600 36.800 81.500 68.800 32.600 
19.600 44.100 82.800 79.600 30.600 
17.900 50.900 86.700 90.100 32.700 
24.500 49.500 86.500 86.800 3.500 
26.700 51.700 86.600 88.300 2.200 
28.400 50.300 84.500 87.700 6.900 
24.300 48.600 77.900 88.400 2.200 
25.200 51.400 72.700 82.700 11.200 
27.300 42.100 84.600 89.400 3.900 
20.800 38.200 84.100 85.900 12.900 
22.800 33.900 79.000 78.000 19.400 
-999.000 -999.000 -999.000 -999.000 -999.000 
19.000 33.600 57.100 65.500 33.000 
30.200 29.800 60.200 60.200 22.600 
33.000 26.500 59.500 75.700 17.300 
18.900 27.400 54.800 52.100 13.700 
17.900 34.700 70.800 58.400 30.200 
14.700 51.700 86.300 72.700 37.200 
21.300 45.600 87.600 84.400 5.100 
21.100 46.800 89.400 90.600 2.300 
23.200 39.600 81.000 87.300 3.500 
21.300 53.000 80.500 88.400 5.100 
25.800 46.700 85.000 90.100 10.500 
32.000 54.100 78.900 85.600 14.000 
25.700 41.000 85.800 85.800 4.600 
19.800 45.100 78.600 86.200 14.600 
17.500 30.900 70.200 76.600 15.600 
-999.000 -999.000 -999.000 -999.000 -999.000 
20.600 35.300 61.900 74.000 38.700 
26.300 26.800 59.800 66.100 30.500 
22.500 25.800 62.100 65.800 19.500 
15.100 28.800 77.200 69.400 20.600 
15.700 44.800 73.700 78.000 30.900 
-999.000 -999.000 77.500 -999.000 -999.000 
26.600 43.900 79.900 79.900 24.100 
29.900 45.400 87.800 82.100 24.000 
18.200 39.500 84.400 85.000 17.000 
23.600 37.200 79.800 85.900 6.600 
33.900 45.000 66.800 79.400 7.900 
20.900 43.800 79.700 86.800 6.400 
29.800 41.100 74.200 77.900 5.600 
28.400 33.700 47.300 49.200 30.800 
19.900 29.200 59.700 68.600 22.500 
20.400 33.300 57.200 70.000 20.300 
18.300 31.700 87.300 89.200 41.600 
20.400 31.700 82.100 85.500 20.100 
13.300 39.400 70.500 74.600 32.200 
16.200 45.600 82.000 84.800 43.400 
22.400 49.000 72.300 80.500 27.900 
31.200 43.800 82.400 82.800 26.400 
13.400 33.000 85.400 80.900 50.900 
-999.000 -999.000 -999.000 -999.000 -999.000 
14.200 34.600 63.400 64.300 29.600 
18.900 35.000 67.600 75.100 22.700 
24.200 34.500 74.000 82.000 19.600 
18.900 31.500 80.500 87.600 21.000 
-999.000 -999.000 -999.000 -999.000 -999.000 
