20170814 20170913 20171020 20171030 20171111 
1.280 2.560 0.809 0.505 0.429 
1.060 2.580 0.982 0.647 0.642 
0.860 2.600 0.946 0.615 0.468 
0.940 3.040 0.835 0.426 0.287 
-999.000 -999.000 -999.000 -999.000 -999.000 
1.600 2.970 1.006 0.519 0.522 
1.550 2.910 0.816 0.531 0.512 
0.980 2.850 0.904 0.570 0.279 
1.090 3.160 0.761 0.439 0.278 
0.900 3.240 1.165 0.546 0.436 
0.540 2.690 1.056 0.839 0.661 
0.530 2.530 1.059 0.655 0.559 
1.490 3.190 0.778 0.389 0.340 
1.560 2.910 0.917 0.437 0.363 
0.960 2.840 0.984 0.462 0.359 
0.760 3.080 1.205 0.771 0.485 
0.720 2.940 1.131 0.620 0.515 
0.600 2.920 0.935 0.550 0.413 
0.510 2.310 0.950 0.627 0.536 
0.490 2.890 1.028 0.635 0.659 
0.510 2.680 0.883 0.651 0.661 
0.550 2.680 0.943 0.742 0.575 
0.810 2.950 0.972 0.510 0.535 
0.840 2.950 0.983 0.432 0.275 
0.400 3.100 1.095 0.585 0.381 
0.700 3.000 1.089 0.645 0.441 
0.650 2.890 1.023 0.593 0.490 
0.690 2.860 1.525 0.666 0.615 
0.830 1.850 0.766 0.666 0.733 
0.630 2.370 0.946 0.656 0.669 
0.640 2.640 0.839 0.602 0.560 
0.620 3.200 0.999 0.546 0.624 
0.510 3.110 1.141 0.598 0.631 
0.530 3.010 1.117 0.885 0.595 
0.580 2.960 1.448 0.809 0.480 
0.380 2.980 0.990 0.557 0.366 
0.450 2.900 0.978 0.609 0.417 
0.450 2.980 0.816 0.525 0.454 
0.760 3.170 1.067 0.605 0.524 
0.640 3.060 1.100 0.650 0.608 
0.750 2.450 0.798 0.697 0.397 
1.250 2.560 0.625 0.335 0.404 
1.080 2.650 0.892 0.537 0.322 
0.610 2.470 0.853 0.654 0.689 
0.500 2.780 1.027 0.690 0.586 
0.670 2.620 0.790 0.495 0.674 
0.470 3.030 1.133 0.606 0.674 
0.430 3.260 1.213 0.577 0.514 
0.510 2.850 1.104 0.742 0.477 
0.490 3.020 1.243 0.706 0.496 
0.340 2.910 0.873 0.532 0.422 
0.460 3.100 0.710 0.438 0.355 
0.550 3.220 0.753 0.526 0.366 
0.870 2.950 0.713 0.515 0.463 
0.830 3.150 0.879 0.600 0.551 
0.970 2.810 0.923 0.589 0.586 
-999.000 -999.000 -999.000 -999.000 -999.000 
0.900 2.850 1.258 0.768 0.479 
0.940 3.020 1.007 0.572 0.416 
0.620 3.090 0.881 0.582 0.535 
0.520 3.120 0.855 0.640 0.559 
0.530 3.040 1.028 0.633 0.430 
0.520 3.180 0.865 0.625 0.475 
0.500 3.010 1.092 0.602 0.657 
0.410 3.250 1.155 0.575 0.610 
0.480 3.090 0.874 0.565 0.623 
0.440 3.050 0.967 0.576 0.425 
0.400 3.310 0.992 0.523 0.353 
0.540 3.020 0.638 0.446 0.316 
0.720 3.270 0.790 0.512 0.312 
0.880 3.190 0.812 0.540 0.390 
1.020 3.040 0.858 0.553 0.451 
1.330 3.240 0.862 0.513 0.541 
1.620 2.940 0.856 0.429 0.506 
1.330 2.640 0.817 0.458 0.511 
1.120 2.690 1.051 0.621 0.365 
0.890 2.980 1.158 0.833 0.470 
0.950 2.770 1.094 0.635 0.368 
0.570 2.720 0.953 0.548 0.500 
0.600 2.820 0.973 0.620 0.583 
0.700 2.820 0.940 0.613 0.472 
0.480 3.280 1.122 0.579 0.378 
0.600 2.770 0.955 0.683 0.643 
0.830 3.080 0.970 0.523 0.608 
0.670 3.150 0.806 0.508 0.488 
0.720 2.800 0.846 0.523 0.422 
0.590 2.730 0.710 0.495 0.369 
0.440 2.810 0.993 0.691 0.490 
0.860 2.900 0.878 0.465 0.320 
0.970 3.190 0.924 0.498 0.358 
1.040 2.860 0.824 0.469 0.431 
1.540 2.670 0.738 0.443 0.494 
1.460 2.860 0.872 0.423 0.504 
1.970 2.500 0.841 0.481 0.636 
1.210 2.610 0.846 0.418 0.367 
1.190 2.800 0.969 0.435 0.425 
1.390 2.850 0.874 0.435 0.344 
0.980 2.860 0.959 0.979 0.353 
0.910 2.920 0.928 0.657 0.328 
0.860 3.180 0.916 0.598 0.428 
0.910 3.260 0.970 0.485 0.358 
0.930 3.190 0.895 0.501 0.342 
0.580 3.220 0.933 0.621 0.404 
0.510 3.160 0.930 0.582 0.476 
0.810 3.190 0.985 0.506 0.757 
1.400 3.350 0.729 0.452 0.515 
1.190 2.870 0.760 0.439 0.505 
0.480 2.620 1.070 0.666 0.596 
0.430 2.800 1.170 0.705 0.484 
0.520 2.950 1.127 0.487 0.401 
0.760 3.070 0.792 0.475 0.357 
0.740 2.850 0.936 0.548 0.361 
1.200 2.470 0.945 0.485 0.415 
1.280 3.030 0.823 0.468 0.415 
1.250 3.100 0.882 0.450 0.481 
0.710 2.820 0.801 0.517 0.331 
0.790 2.720 0.876 0.486 0.269 
1.130 2.560 0.858 0.414 0.272 
1.390 2.990 0.973 0.431 0.291 
1.380 2.930 0.770 0.506 0.326 
0.900 3.000 0.880 0.785 0.352 
0.810 3.270 0.720 0.530 0.303 
0.920 3.200 0.785 0.472 0.321 
0.670 2.950 1.223 0.544 0.312 
0.580 2.640 1.027 0.591 0.394 
0.670 2.760 0.780 0.564 0.481 
0.600 3.090 1.333 0.556 0.652 
1.740 3.140 0.910 0.454 0.442 
1.050 3.060 0.747 0.446 0.430 
1.120 3.090 0.903 0.529 0.416 
0.890 2.570 0.956 0.584 0.411 
0.940 2.620 1.146 0.600 0.316 
0.780 2.880 0.803 0.480 0.329 
1.010 3.400 0.943 0.561 0.247 
1.220 2.460 0.917 0.521 0.346 
1.080 2.900 0.915 0.526 0.444 
1.270 2.570 1.141 0.552 0.548 
1.180 2.130 1.010 0.626 0.512 
1.320 3.140 0.915 0.651 0.443 
1.050 3.020 0.760 0.649 0.358 
0.960 3.030 0.707 0.445 0.255 
0.960 2.970 0.795 0.396 0.263 
1.240 3.060 0.861 0.407 0.298 
1.450 2.980 0.742 0.406 0.274 
0.890 2.990 0.698 0.588 0.382 
0.790 2.940 0.762 0.618 0.350 
0.820 2.820 0.721 0.518 0.425 
0.650 2.960 0.929 0.520 0.420 
1.350 2.400 0.636 0.372 0.357 
1.320 2.620 0.941 0.505 0.416 
1.320 2.940 1.125 0.579 0.502 
0.750 2.970 0.932 0.526 0.574 
1.160 3.130 0.724 0.392 0.401 
1.300 3.110 1.008 0.503 0.483 
0.890 2.430 1.381 0.741 0.538 
0.600 3.040 1.932 1.030 0.740 
0.560 3.200 2.072 1.014 0.690 
1.150 2.700 0.933 0.499 0.298 
1.120 2.790 0.949 0.529 0.314 
1.050 2.320 1.029 0.554 0.482 
1.230 2.500 0.955 0.565 0.471 
1.280 2.730 1.042 0.566 0.577 
0.990 2.940 0.845 0.560 0.402 
1.170 2.920 0.712 0.542 0.392 
1.150 3.160 0.943 0.542 0.275 
1.430 2.860 0.899 0.463 0.332 
1.410 2.530 0.716 0.508 0.342 
0.800 3.040 0.781 0.694 0.312 
0.970 2.880 0.757 0.832 0.301 
0.980 3.030 0.618 0.503 0.338 
0.980 3.040 0.595 0.489 0.480 
0.860 2.860 0.589 0.421 0.400 
1.080 2.840 0.762 0.460 0.269 
0.950 2.730 0.800 0.452 0.342 
0.860 2.980 1.220 0.639 0.577 
0.640 3.300 1.274 0.711 0.777 
0.770 3.090 1.183 0.607 0.650 
1.090 2.920 1.308 0.699 0.608 
0.790 3.090 1.633 0.826 0.709 
0.880 2.940 1.493 0.754 0.608 
1.150 3.080 1.387 0.633 0.373 
1.220 2.890 0.886 0.477 0.384 
1.020 2.980 0.775 0.431 0.375 
0.970 2.710 0.680 0.464 0.479 
1.540 2.350 0.929 0.605 0.554 
1.590 2.760 1.110 0.639 0.723 
1.370 2.430 1.256 0.877 0.847 
1.170 3.560 0.903 0.569 0.460 
1.480 2.490 0.731 0.500 0.384 
1.610 2.440 0.538 0.386 0.295 
1.040 2.630 0.577 0.448 0.275 
0.830 2.920 0.677 0.676 0.272 
0.880 3.320 0.671 0.753 0.286 
1.260 3.280 0.561 0.507 0.367 
1.160 3.000 0.585 0.442 0.381 
1.360 3.160 0.628 0.429 0.305 
1.420 3.140 0.611 0.468 0.353 
1.460 3.230 0.715 0.462 0.330 
1.040 3.090 0.949 0.565 0.526 
0.570 3.280 1.605 0.815 0.951 
0.590 3.020 1.253 0.662 0.812 
1.710 3.130 0.818 0.447 0.371 
1.540 3.270 0.909 0.457 0.372 
1.080 3.040 1.144 0.517 0.396 
1.270 3.150 1.271 0.594 0.407 
1.240 2.760 1.419 0.640 0.489 
0.920 3.020 0.639 0.391 0.357 
1.140 2.780 1.069 0.572 0.434 
1.020 2.280 1.060 0.615 0.499 
0.660 2.470 0.900 0.712 0.717 
0.570 2.630 0.988 0.648 0.707 
-999.000 2.010 0.559 -999.000 -999.000 
0.960 2.070 0.663 0.448 0.384 
1.080 2.670 0.677 0.502 0.356 
0.960 3.030 0.686 0.536 0.359 
1.170 3.460 0.504 0.386 0.289 
1.110 2.960 0.581 0.460 0.284 
1.300 2.680 0.766 0.497 0.339 
1.170 3.390 0.923 0.634 0.282 
1.060 3.340 0.801 0.573 0.305 
0.860 3.260 0.863 0.572 0.384 
0.970 3.340 0.921 0.671 0.450 
0.900 3.220 1.436 0.732 0.839 
0.580 2.980 1.523 0.835 0.825 
1.160 2.950 1.123 0.555 0.679 
0.820 3.160 0.848 0.466 0.420 
0.650 3.410 0.877 0.524 0.419 
0.890 2.950 1.028 0.663 0.436 
0.690 2.880 1.415 0.721 0.373 
1.280 2.790 1.080 0.540 0.344 
0.840 3.060 0.900 0.460 0.417 
1.150 3.150 0.862 0.510 0.412 
0.760 2.890 0.745 0.523 0.478 
1.260 2.950 0.735 0.460 0.503 
1.330 2.880 1.193 0.585 0.746 
1.070 2.530 0.695 0.596 0.397 
1.040 3.140 0.724 0.605 0.442 
0.910 3.420 0.515 0.436 0.319 
0.840 2.810 0.649 0.512 0.236 
0.970 2.680 0.687 0.525 0.297 
1.180 2.820 0.892 0.735 0.262 
0.880 3.020 0.732 0.593 0.203 
0.920 2.960 0.847 0.561 0.361 
0.990 3.090 1.052 0.655 0.396 
0.710 2.880 1.521 0.921 0.730 
0.550 1.710 1.330 0.836 0.619 
-999.000 -999.000 -999.000 -999.000 -999.000 
0.910 3.140 0.555 0.413 0.449 
1.200 3.480 0.488 0.395 0.457 
1.290 3.170 0.611 0.420 0.362 
1.460 2.960 0.715 0.492 0.369 
1.180 2.880 0.707 0.436 0.241 
0.880 3.010 0.636 0.407 0.313 
1.050 3.170 0.800 0.492 0.270 
0.830 2.840 0.735 0.522 0.275 
0.910 2.470 0.778 0.510 0.406 
1.540 3.110 1.168 0.655 0.514 
1.470 3.120 1.031 0.661 0.520 
1.170 2.330 0.752 0.665 0.412 
1.210 3.090 0.658 0.568 0.448 
0.890 2.950 0.556 0.495 0.276 
1.220 3.230 0.528 0.406 0.255 
1.170 2.890 0.519 0.419 0.239 
1.130 2.740 0.588 0.504 0.259 
1.000 3.430 0.621 0.481 0.224 
0.760 3.100 0.701 0.466 0.334 
0.630 2.570 1.140 0.639 0.504 
-999.000 -999.000 -999.000 -999.000 -999.000 
-999.000 -999.000 -999.000 -999.000 -999.000 
-999.000 -999.000 -999.000 -999.000 -999.000 
0.900 3.440 0.450 0.371 0.336 
1.390 3.160 0.475 0.401 0.347 
1.490 3.130 0.580 0.420 0.349 
0.950 3.100 0.606 0.394 0.245 
1.000 2.580 0.813 0.479 0.223 
0.870 2.570 1.008 0.540 0.236 
0.970 3.140 0.755 0.441 0.249 
1.100 2.740 0.858 0.699 0.345 
1.340 2.740 0.951 0.708 0.427 
1.510 2.860 1.077 0.669 0.476 
1.450 3.380 0.986 0.614 0.599 
0.820 2.200 0.634 0.588 0.361 
1.250 2.950 0.777 0.599 0.511 
1.420 3.080 0.679 0.490 0.411 
1.360 2.710 0.637 0.463 0.282 
0.970 2.850 0.762 0.512 0.310 
0.960 2.770 0.695 0.550 0.288 
-999.000 -999.000 -999.000 -999.000 -999.000 
-999.000 -999.000 -999.000 -999.000 -999.000 
-999.000 -999.000 -999.000 -999.000 -999.000 
-999.000 -999.000 -999.000 -999.000 -999.000 
-999.000 -999.000 -999.000 -999.000 -999.000 
0.800 3.220 0.802 0.619 0.674 
1.040 3.010 0.686 0.559 0.513 
1.120 3.370 0.643 0.417 0.365 
1.300 3.020 0.685 0.414 0.231 
0.910 2.370 0.805 0.516 0.215 
0.800 2.940 0.876 0.507 0.258 
0.910 3.200 0.995 0.587 0.355 
1.150 3.010 1.078 0.835 0.422 
1.310 2.940 1.053 0.830 0.410 
1.450 3.170 0.912 0.613 0.452 
1.180 2.870 1.112 0.728 0.505 
1.010 2.560 1.205 0.687 0.571 
1.250 2.640 0.846 0.540 0.498 
1.260 3.120 0.636 0.572 0.379 
1.320 2.930 0.575 0.458 0.227 
1.300 3.270 0.703 0.488 0.251 
1.380 2.890 0.973 0.580 0.321 
-999.000 -999.000 -999.000 -999.000 -999.000 
-999.000 -999.000 -999.000 -999.000 -999.000 
-999.000 -999.000 -999.000 -999.000 -999.000 
-999.000 -999.000 -999.000 -999.000 -999.000 
0.790 3.220 1.051 0.752 0.516 
0.810 3.170 0.812 0.563 0.490 
1.070 2.870 0.729 0.525 0.564 
0.960 2.970 0.680 0.430 0.280 
1.010 2.610 0.742 0.492 0.256 
0.870 2.640 0.885 0.523 0.284 
0.720 3.240 0.854 0.534 0.246 
0.870 2.990 0.944 0.574 0.269 
1.100 3.080 0.911 0.666 0.325 
1.340 3.130 0.885 0.690 0.312 
1.300 2.340 0.969 0.747 0.318 
1.100 2.770 1.394 0.831 0.425 
1.340 2.800 1.401 0.725 0.495 
-999.000 -999.000 -999.000 -999.000 -999.000 
1.140 3.010 0.703 0.564 0.451 
1.280 2.830 0.659 0.448 0.343 
1.640 2.840 0.935 0.570 0.376 
1.710 3.180 1.198 0.990 0.419 
-999.000 -999.000 -999.000 -999.000 -999.000 
-999.000 -999.000 -999.000 -999.000 -999.000 
-999.000 -999.000 -999.000 -999.000 -999.000 
-999.000 -999.000 -999.000 -999.000 -999.000 
-999.000 -999.000 -999.000 -999.000 -999.000 
1.580 2.380 0.883 0.564 0.396 
1.770 3.180 0.550 0.410 0.435 
1.030 2.660 0.704 0.434 0.403 
0.870 2.490 0.965 0.622 0.285 
0.830 2.490 0.878 0.546 0.300 
1.050 3.050 0.778 0.513 0.237 
1.300 3.130 0.755 0.491 0.223 
1.250 2.960 0.794 0.505 0.252 
1.770 3.220 0.725 0.537 0.207 
1.540 3.060 0.694 0.610 0.227 
1.290 2.430 0.867 0.625 0.358 
1.380 2.760 0.932 0.580 0.441 
1.530 2.930 0.830 0.523 0.470 
1.080 2.430 0.667 0.512 0.424 
1.390 2.330 0.884 0.626 0.369 
1.320 2.600 1.055 0.910 0.371 
1.420 2.210 0.956 0.808 0.389 
1.310 2.500 1.170 0.658 0.393 
1.000 3.160 0.871 0.558 0.330 
1.230 3.020 0.808 0.545 0.468 
1.420 2.920 1.476 0.729 0.436 
1.280 2.740 1.211 0.681 0.409 
1.310 3.370 0.878 0.513 0.416 
1.150 3.130 0.717 0.432 0.375 
0.990 2.810 0.785 0.484 0.281 
1.100 3.310 0.775 0.463 0.228 
1.480 2.900 0.670 0.474 0.203 
2.150 2.920 0.786 0.475 0.191 
1.890 2.980 0.713 0.479 0.208 
1.910 2.980 0.577 0.401 0.214 
2.180 3.150 0.538 0.454 0.212 
1.660 2.530 0.660 0.490 0.325 
1.410 2.830 0.869 0.617 0.430 
1.520 3.110 1.001 0.781 0.602 
1.640 3.240 0.939 0.568 0.468 
1.390 2.160 0.745 0.585 0.343 
1.400 2.650 0.687 0.548 0.277 
1.220 2.650 0.764 0.599 0.330 
1.200 2.880 0.688 0.513 0.300 
1.060 3.410 0.630 0.462 0.278 
1.330 2.480 0.551 0.461 0.332 
1.280 2.760 1.285 0.783 0.441 
0.980 2.950 1.024 0.662 0.389 
1.190 2.900 0.811 0.494 0.400 
1.590 3.170 0.970 0.468 0.380 
1.610 3.110 1.038 0.458 0.323 
1.790 3.220 0.820 0.420 0.209 
1.290 2.990 0.892 0.581 0.262 
1.580 2.790 0.716 0.507 0.253 
1.210 3.220 0.625 0.520 0.206 
1.140 3.370 0.543 0.448 0.210 
1.990 3.160 0.717 0.459 0.250 
1.490 3.060 0.791 0.566 0.286 
1.310 2.790 0.864 0.692 0.374 
1.290 3.300 1.103 0.808 0.527 
1.180 2.820 1.227 0.798 0.604 
0.970 3.260 0.732 0.535 0.351 
1.230 3.020 0.681 0.502 0.306 
1.530 3.220 0.824 0.491 0.348 
1.410 3.130 0.832 0.539 0.372 
1.820 3.120 0.914 0.532 0.320 
1.690 3.140 0.947 0.574 0.322 
1.320 3.230 1.117 0.543 0.430 
1.160 3.340 0.829 0.471 0.393 
1.220 2.980 0.788 0.428 0.289 
1.370 3.060 0.856 0.504 0.264 
1.810 2.580 0.852 0.568 0.257 
1.800 3.240 0.637 0.522 0.187 
1.770 3.300 0.789 0.504 0.220 
1.890 2.650 0.687 0.415 0.267 
1.460 2.990 0.861 0.579 0.294 
1.680 2.640 0.905 0.586 0.325 
1.010 2.550 1.146 0.731 0.486 
0.790 2.790 1.318 0.640 0.561 
0.710 2.450 1.795 0.893 0.807 
1.130 2.850 0.724 0.500 0.346 
1.210 3.290 0.806 0.549 0.262 
1.150 2.780 0.716 0.494 0.285 
1.030 2.950 0.712 0.540 0.439 
1.200 3.120 0.737 0.463 0.378 
1.790 2.840 0.958 0.539 0.274 
1.780 3.180 1.209 0.554 0.289 
1.040 2.950 0.995 0.546 0.346 
0.840 3.190 0.939 0.562 0.411 
0.850 3.030 1.001 0.585 0.361 
1.530 3.500 0.822 0.480 0.234 
1.650 3.300 0.903 0.556 0.235 
1.600 3.130 0.667 0.470 0.245 
1.710 3.190 0.738 0.518 0.261 
1.410 3.110 0.872 0.518 0.258 
1.370 2.650 0.953 0.494 0.263 
1.330 2.960 1.002 0.511 0.277 
0.840 2.440 1.191 0.667 0.454 
0.770 2.640 1.446 0.867 0.679 
0.970 2.950 1.229 0.706 0.521 
-999.000 -999.000 -999.000 -999.000 -999.000 
1.160 2.680 0.667 0.459 0.287 
1.050 2.720 0.659 0.499 0.312 
1.320 2.770 0.719 0.451 0.385 
1.530 2.570 0.835 0.505 0.319 
1.200 2.520 0.911 0.541 0.351 
1.220 3.210 0.977 0.474 0.275 
0.850 3.190 0.795 0.484 0.315 
0.740 3.240 0.843 0.553 0.344 
1.230 3.180 0.975 0.579 0.345 
1.630 3.060 0.713 0.439 0.209 
1.710 3.260 0.636 0.458 0.219 
1.420 2.960 0.663 0.411 0.249 
1.770 3.220 0.699 0.487 0.216 
1.300 3.320 1.005 0.498 0.233 
1.200 3.060 1.108 0.488 0.283 
1.020 3.020 1.523 0.729 0.383 
1.060 2.810 1.057 0.685 0.407 
1.050 2.750 1.191 0.637 0.456 
1.050 2.710 1.481 0.751 0.489 
1.150 2.930 1.678 0.886 0.355 
1.130 2.980 0.768 0.561 0.308 
1.070 2.980 0.674 0.470 0.356 
1.290 3.110 1.067 0.746 0.339 
1.440 2.980 1.197 0.662 0.274 
1.030 3.090 0.772 0.434 0.280 
0.720 3.220 0.787 0.445 0.260 
0.780 2.550 0.765 0.484 0.233 
1.550 3.190 0.651 0.508 0.221 
1.670 2.880 0.499 0.462 0.163 
1.480 2.680 0.524 0.401 0.245 
1.460 3.180 0.738 0.473 0.216 
1.370 2.990 0.778 0.483 0.240 
1.560 2.990 0.899 0.522 0.220 
1.570 3.080 0.869 0.492 0.236 
1.130 2.680 0.950 0.546 0.312 
1.650 3.020 0.849 0.557 0.303 
1.530 2.830 0.855 0.551 0.365 
0.960 2.730 1.240 0.722 0.396 
0.860 2.790 1.401 0.728 0.291 
1.120 2.640 0.988 0.503 0.302 
0.840 3.120 0.738 0.542 0.295 
1.300 2.310 1.055 0.706 0.371 
1.350 3.020 1.166 0.644 0.322 
1.060 2.950 0.975 0.561 0.315 
0.710 2.900 1.150 0.671 0.282 
0.770 2.860 0.893 0.534 0.223 
1.220 2.750 0.624 0.466 0.202 
2.040 2.560 0.770 0.599 0.209 
1.600 2.650 0.725 0.493 0.214 
1.760 2.890 0.783 0.507 0.208 
1.480 2.870 0.783 0.520 0.270 
1.170 2.550 0.755 0.473 0.284 
1.130 3.090 0.818 0.491 0.244 
1.050 3.200 0.811 0.467 0.264 
1.690 3.180 0.870 0.500 0.241 
1.840 2.640 0.869 0.585 0.262 
1.140 2.660 1.049 0.605 0.341 
0.940 2.810 1.079 0.676 0.271 
1.230 2.700 0.869 0.492 0.262 
0.970 2.610 0.797 0.607 0.430 
0.840 2.890 0.931 0.562 0.316 
0.930 2.920 0.922 0.559 0.276 
1.140 2.930 0.820 0.516 0.283 
1.300 3.320 1.023 0.552 0.231 
1.020 3.010 0.953 0.602 0.278 
1.820 2.940 0.704 0.550 0.217 
1.940 3.060 0.722 0.497 0.209 
2.150 2.900 0.690 0.466 0.240 
1.500 3.030 0.817 0.522 0.257 
0.910 2.730 0.718 0.511 0.322 
0.810 2.850 0.915 0.551 0.308 
0.900 3.080 1.157 0.548 0.269 
1.330 2.970 0.917 0.451 0.245 
1.330 3.050 0.761 0.475 0.266 
1.260 3.060 0.778 0.480 0.320 
1.270 3.160 0.869 0.583 0.331 
1.710 2.850 0.898 0.506 0.383 
1.800 2.780 0.887 0.448 0.349 
0.970 2.930 0.759 0.584 0.319 
0.880 3.000 0.742 0.556 0.271 
1.150 3.220 0.806 0.550 0.280 
0.940 3.010 0.940 0.508 0.227 
0.770 3.180 0.993 0.577 0.274 
1.320 2.980 0.684 0.518 0.258 
1.720 3.130 0.726 0.515 0.264 
1.470 3.210 0.786 0.502 0.302 
1.290 3.160 0.724 0.483 0.249 
0.950 2.670 0.814 0.523 0.264 
1.090 2.600 1.010 0.506 0.276 
1.610 3.350 0.965 0.423 0.188 
2.050 3.210 0.975 0.425 0.229 
1.600 3.150 0.792 0.451 0.258 
1.580 3.210 1.029 0.498 0.302 
1.500 2.770 0.754 0.478 0.378 
1.310 2.740 0.711 0.458 0.333 
1.380 2.970 0.668 0.530 0.248 
0.850 3.070 0.666 0.502 0.273 
0.900 3.480 0.827 0.572 0.265 
1.010 2.970 0.985 0.561 0.302 
1.000 2.960 0.967 0.545 0.264 
0.900 3.010 0.819 0.545 0.298 
0.970 3.160 0.612 0.435 0.256 
0.780 3.080 0.816 0.510 0.253 
0.960 2.560 0.839 0.543 0.299 
1.340 2.980 0.869 0.483 0.298 
1.110 2.620 0.968 0.475 0.276 
1.690 2.790 0.873 0.440 0.260 
1.900 3.360 1.070 0.503 0.278 
1.330 3.150 0.751 0.430 0.313 
0.900 3.200 0.793 0.428 0.443 
0.940 3.060 0.796 0.445 0.475 
1.300 2.300 0.522 0.503 0.329 
1.080 2.480 0.506 0.336 0.289 
0.750 2.390 0.657 0.435 0.346 
0.800 2.780 0.748 0.454 0.322 
1.080 2.750 0.855 0.646 0.352 
1.290 2.910 1.010 0.660 0.332 
0.910 2.610 1.072 0.608 0.329 
0.920 1.870 1.559 0.986 0.606 
0.960 2.230 1.501 0.901 0.666 
0.980 2.480 1.374 0.753 0.522 
0.770 2.440 1.180 0.812 0.495 
0.930 2.640 0.745 0.484 0.315 
0.850 2.530 1.058 0.678 0.502 
1.090 1.840 0.929 0.622 0.595 
1.480 3.140 0.772 0.517 0.253 
0.920 3.120 0.832 0.496 0.225 
0.990 3.020 0.778 0.425 0.453 
1.010 2.730 0.713 0.430 0.600 
1.010 2.530 0.843 0.482 0.587 
1.140 2.560 0.878 0.546 0.471 
1.380 2.440 1.134 0.610 0.289 
0.810 2.780 0.783 0.398 0.348 
1.350 1.910 1.043 0.594 0.520 
1.030 2.720 0.992 0.593 0.337 
1.110 2.440 0.960 0.725 0.545 
0.800 1.970 1.693 0.988 0.805 
1.000 2.190 1.545 1.006 0.981 
0.870 2.240 0.990 0.815 0.530 
0.900 2.580 1.082 0.883 0.431 
1.120 2.450 1.081 0.805 0.529 
1.100 2.070 1.157 0.704 0.632 
0.860 2.380 0.878 0.529 0.386 
0.840 2.330 0.782 0.517 0.277 
0.980 2.730 0.949 0.578 0.350 
1.170 2.650 1.080 0.453 0.442 
1.860 3.250 0.920 0.451 0.586 
1.370 2.910 0.885 0.526 0.658 
1.700 2.480 1.427 0.872 0.614 
1.640 2.810 1.107 0.562 0.320 
1.330 2.720 0.725 0.446 0.386 
0.950 1.870 0.998 0.589 0.547 
0.770 1.790 1.223 0.806 0.768 
0.970 1.660 1.391 0.859 0.780 
0.980 1.990 1.298 0.765 0.821 
1.180 2.140 1.093 0.741 0.798 
1.060 2.510 0.946 0.735 0.419 
1.150 3.020 0.882 0.610 0.315 
0.980 2.800 0.871 0.485 0.296 
1.040 2.700 0.856 0.453 0.272 
0.910 2.440 1.122 0.532 0.401 
1.590 2.730 0.999 0.397 0.295 
1.410 2.890 0.995 0.498 0.284 
1.140 2.770 0.915 0.512 0.445 
1.260 2.960 0.770 0.438 0.613 
1.530 2.710 0.695 0.494 0.390 
1.530 2.800 0.960 0.622 0.379 
1.440 2.610 1.459 0.960 0.267 
0.910 1.630 1.049 0.735 0.734 
0.850 2.320 1.748 0.910 0.868 
1.060 1.990 1.473 0.895 0.806 
0.880 2.640 1.038 0.584 0.612 
0.790 3.200 0.654 0.437 0.278 
1.020 3.010 0.768 0.544 0.350 
0.710 3.060 1.014 0.655 0.365 
1.010 2.900 1.115 0.547 0.391 
0.840 3.010 1.024 0.447 0.265 
0.920 2.860 1.124 0.542 0.295 
1.070 2.250 0.816 0.514 0.324 
1.520 2.970 0.829 0.540 0.276 
1.150 2.930 0.925 0.517 0.322 
1.090 2.850 0.706 0.379 0.373 
1.420 2.710 0.704 0.480 0.424 
1.220 2.820 0.870 0.555 0.335 
1.010 2.650 1.019 0.621 0.418 
1.360 2.680 1.002 0.591 0.343 
1.050 1.980 1.528 1.013 0.763 
1.090 2.070 1.491 1.062 0.758 
0.990 2.550 1.024 0.579 0.456 
0.870 3.280 0.798 0.444 0.282 
0.770 2.920 0.746 0.471 0.288 
0.980 2.880 0.837 0.515 0.378 
0.980 3.100 0.951 0.586 0.259 
0.800 2.980 0.886 0.465 0.281 
0.870 3.130 0.722 0.420 0.266 
0.920 2.700 0.725 0.437 0.262 
1.560 2.970 0.729 0.505 0.263 
1.100 3.250 0.817 0.485 0.266 
0.880 2.860 0.753 0.374 0.324 
1.400 2.700 1.058 0.466 0.541 
2.080 3.070 0.710 0.465 0.480 
1.550 3.000 0.744 0.501 0.282 
1.440 2.970 0.916 0.587 0.300 
1.820 2.980 1.111 0.566 0.312 
1.280 3.190 0.700 0.856 0.359 
1.160 2.620 0.771 0.747 0.318 
1.100 2.550 0.796 0.520 0.315 
1.110 2.780 0.896 0.535 0.269 
1.250 2.480 1.123 0.677 0.577 
1.120 2.280 1.602 0.944 0.802 
1.170 2.530 1.317 0.738 0.716 
1.200 3.260 0.724 0.395 0.359 
1.420 3.200 0.783 0.408 0.311 
1.030 2.400 0.761 0.504 0.399 
1.140 3.220 1.056 0.660 0.306 
0.870 3.210 0.835 0.536 0.283 
1.360 3.010 0.626 0.364 0.263 
1.100 3.140 0.639 0.436 0.248 
0.950 3.060 0.713 0.489 0.290 
0.910 3.240 0.723 0.472 0.241 
1.180 3.120 0.773 0.416 0.260 
1.090 2.680 0.887 0.450 0.349 
1.480 2.150 0.717 0.510 0.413 
1.450 2.820 0.737 0.502 0.331 
1.540 3.100 0.791 0.494 0.283 
1.540 2.850 0.863 0.472 0.224 
1.350 2.480 0.622 0.493 0.390 
1.280 2.410 0.749 0.766 0.363 
1.210 2.760 0.743 0.641 0.281 
1.100 2.310 0.742 0.518 0.300 
1.040 2.690 0.915 0.503 0.270 
1.160 2.630 0.830 0.540 0.281 
1.040 2.470 1.286 0.744 0.819 
0.740 2.280 0.824 0.488 0.430 
0.850 2.630 0.774 0.439 0.379 
1.320 3.060 0.712 0.396 0.398 
1.080 2.950 0.793 0.459 0.496 
0.690 2.790 0.689 0.502 0.326 
0.910 3.080 0.634 0.447 0.263 
1.010 2.830 0.581 0.383 0.357 
1.150 3.240 0.827 0.471 0.264 
0.940 2.990 0.726 0.451 0.297 
1.160 3.020 0.760 0.454 0.220 
1.200 2.660 0.761 0.399 0.299 
1.770 2.760 0.742 0.447 0.415 
1.430 2.980 0.788 0.435 0.393 
0.780 2.960 0.613 0.391 0.279 
1.080 2.750 0.750 0.425 0.237 
1.420 2.670 1.137 0.499 0.265 
1.700 2.160 0.973 0.770 0.302 
1.500 2.620 0.843 0.469 0.388 
1.700 2.910 1.185 0.510 0.321 
1.470 2.930 0.983 0.578 0.370 
1.360 2.810 0.926 0.540 0.340 
1.190 2.300 0.803 0.497 0.299 
1.050 2.360 0.730 0.464 0.325 
0.850 2.700 0.790 0.456 0.304 
1.170 2.650 1.159 0.732 0.475 
0.670 2.490 0.970 0.601 0.370 
0.700 1.690 0.683 0.441 0.451 
0.960 3.080 0.764 0.424 0.390 
0.880 3.170 0.671 0.395 0.409 
0.900 2.750 0.574 0.403 0.317 
1.540 2.310 0.769 0.707 0.593 
0.730 2.430 0.531 0.373 0.263 
1.320 3.030 0.798 0.508 0.303 
1.100 3.440 0.850 0.521 0.245 
1.030 3.100 0.779 0.448 0.232 
1.370 3.310 0.884 0.471 0.281 
1.900 2.990 0.837 0.455 0.423 
1.460 2.950 0.909 0.465 0.422 
1.350 3.140 0.704 0.436 0.335 
1.240 2.800 0.611 0.432 0.284 
1.750 2.890 0.720 0.399 0.244 
1.560 3.490 0.769 0.454 0.246 
-999.000 -999.000 -999.000 -999.000 -999.000 
1.700 2.200 1.035 0.606 0.473 
1.840 2.870 1.201 0.540 0.356 
1.270 2.920 0.952 0.544 0.311 
1.230 2.250 0.974 0.544 0.344 
1.240 2.550 0.813 0.452 0.279 
1.060 3.040 0.648 0.474 0.374 
1.620 2.950 1.715 0.848 0.568 
0.790 3.050 0.692 0.409 0.318 
0.880 2.990 0.608 0.357 0.416 
1.190 3.290 0.578 0.411 0.391 
0.770 2.380 0.769 0.598 0.597 
1.100 2.650 0.670 0.494 0.474 
1.270 2.860 0.710 0.429 0.308 
0.910 3.190 0.987 0.559 0.300 
0.930 2.810 0.835 0.474 0.302 
1.580 3.250 0.887 0.512 0.290 
2.680 3.350 0.954 0.481 0.400 
2.450 2.980 0.902 0.455 0.410 
1.730 3.210 0.815 0.464 0.373 
1.360 2.960 0.615 0.382 0.387 
1.210 3.270 0.609 0.400 0.210 
1.170 3.010 0.711 0.448 0.219 
1.180 2.690 1.072 0.643 0.373 
1.030 2.620 0.996 0.583 0.344 
1.550 2.660 0.749 0.464 0.356 
1.100 2.640 0.805 0.579 0.312 
0.920 2.670 0.829 0.555 0.327 
0.900 2.690 0.926 0.573 0.340 
1.090 2.930 1.092 0.680 0.352 
1.030 2.750 1.459 0.821 0.453 
1.050 2.930 0.688 0.425 0.311 
1.150 3.060 0.599 0.395 0.377 
0.860 3.210 0.725 0.444 0.462 
1.070 3.130 0.757 0.456 0.437 
1.250 2.850 0.578 0.490 0.425 
1.440 2.410 0.774 0.496 0.319 
1.560 2.460 0.757 0.471 0.330 
1.380 3.100 0.897 0.481 0.296 
1.940 3.150 0.774 0.462 0.294 
2.590 3.160 0.568 0.405 0.310 
2.730 3.190 0.823 0.466 0.364 
2.460 2.990 0.896 0.434 0.385 
2.350 3.450 0.670 0.425 0.395 
2.320 3.200 0.850 0.523 0.397 
2.070 3.210 0.704 0.421 0.439 
1.710 3.220 0.738 0.435 0.365 
1.120 3.190 0.887 0.441 0.451 
1.430 2.570 0.907 0.525 0.411 
1.270 2.760 0.912 0.504 0.396 
0.950 2.810 0.824 0.551 0.382 
0.980 3.130 1.107 0.668 0.307 
0.890 3.020 0.932 0.545 0.303 
0.840 3.000 0.901 0.603 0.374 
1.040 2.680 1.038 0.641 0.432 
0.990 2.910 0.608 0.500 0.314 
0.840 3.460 0.577 0.429 0.359 
0.950 3.220 0.598 0.391 0.488 
1.210 3.150 0.697 0.401 0.486 
1.020 2.750 0.641 0.480 0.463 
1.560 2.360 0.984 0.463 0.347 
1.360 3.050 0.824 0.443 0.368 
1.700 3.390 0.598 0.406 0.306 
1.600 3.420 0.524 0.391 0.272 
1.610 2.930 0.613 0.389 0.289 
2.520 3.500 0.709 0.413 0.394 
2.220 3.120 0.749 0.382 0.331 
1.950 3.160 0.615 0.383 0.336 
2.200 3.120 0.804 0.473 0.383 
1.970 3.320 0.780 0.426 0.594 
1.750 3.110 0.895 0.457 0.557 
1.640 2.700 1.007 0.507 0.431 
1.710 2.200 1.260 0.631 0.520 
1.240 2.420 1.074 0.543 0.338 
1.010 3.060 1.048 0.575 0.301 
1.270 2.940 0.773 0.447 0.311 
0.760 2.560 0.927 0.567 0.304 
1.060 2.600 0.799 0.475 0.256 
1.080 2.480 0.976 0.524 0.380 
0.880 2.340 0.547 0.442 0.358 
0.810 3.300 0.583 0.429 0.491 
0.830 2.890 0.478 0.360 0.480 
1.320 3.280 0.561 0.354 0.350 
1.080 2.550 0.877 0.456 0.418 
1.750 2.350 1.032 0.535 0.341 
2.000 3.290 1.112 0.551 0.295 
1.520 3.210 0.592 0.406 0.263 
1.510 3.120 0.561 0.376 0.272 
2.080 2.760 0.755 0.457 0.289 
2.500 3.100 0.735 0.427 0.322 
2.330 3.110 0.686 0.411 0.278 
1.670 3.000 0.657 0.455 0.275 
1.800 3.170 0.949 0.461 0.348 
2.260 2.780 1.024 0.492 0.449 
1.460 3.130 0.920 0.475 0.670 
1.900 2.770 0.892 0.486 0.440 
2.160 2.850 0.654 0.408 0.396 
1.340 2.360 0.908 0.500 0.323 
1.030 2.760 0.930 0.593 0.398 
0.920 2.890 0.844 0.552 0.366 
1.180 2.800 0.844 0.481 0.360 
0.840 2.930 0.740 0.465 0.281 
1.030 3.150 0.822 0.473 0.310 
0.970 2.860 0.790 0.476 0.282 
0.940 3.240 0.650 0.414 0.308 
0.890 3.370 0.495 0.425 0.487 
0.890 3.500 0.614 0.451 0.419 
1.740 3.010 0.702 0.381 0.464 
1.710 2.950 0.876 0.428 0.439 
1.640 2.480 0.839 0.441 0.434 
1.850 2.940 0.866 0.505 0.334 
1.910 3.000 0.719 0.457 0.319 
2.740 2.810 0.673 0.379 0.286 
2.600 2.990 0.956 0.435 0.271 
1.220 3.010 0.603 0.399 0.404 
1.930 3.110 0.649 0.572 0.341 
1.490 2.980 1.087 0.703 0.380 
1.480 2.870 0.782 0.433 0.358 
1.980 2.970 0.853 0.462 0.453 
1.300 3.040 1.096 0.503 0.543 
2.270 3.000 0.739 0.427 0.447 
1.260 3.000 0.536 0.372 0.421 
0.740 2.410 0.698 0.383 0.443 
0.970 2.600 0.970 0.669 0.529 
0.990 3.100 0.688 0.439 0.300 
1.040 3.090 0.786 0.493 0.311 
0.930 2.980 0.778 0.482 0.249 
0.930 3.110 0.720 0.461 0.289 
1.040 3.140 0.797 0.466 0.284 
1.060 3.130 0.782 0.475 0.259 
0.880 3.050 0.568 0.441 0.380 
1.000 3.190 0.916 0.499 0.626 
1.190 2.970 0.924 0.453 0.576 
1.180 3.330 0.706 0.398 0.365 
1.590 2.980 0.949 0.453 0.492 
1.200 2.860 0.617 0.438 0.329 
2.090 2.850 0.840 0.572 0.331 
2.460 2.790 0.750 0.457 0.299 
2.830 3.190 0.764 0.367 0.275 
1.140 2.990 0.770 0.378 0.355 
0.810 2.830 0.680 0.514 0.335 
0.640 3.070 0.883 0.650 0.381 
0.590 3.020 0.816 0.534 0.327 
2.070 3.760 0.639 0.416 0.308 
0.660 2.950 0.974 0.532 0.527 
1.580 3.010 0.792 0.603 0.506 
1.220 2.970 1.006 0.758 0.555 
1.070 2.830 0.934 0.504 0.537 
-999.000 -999.000 -999.000 -999.000 -999.000 
1.250 3.000 0.766 0.507 0.332 
0.990 2.840 0.831 0.523 0.305 
1.340 3.070 0.765 0.491 0.309 
1.190 2.950 0.656 0.423 0.301 
1.040 2.750 0.776 0.437 0.268 
0.920 2.690 0.646 0.407 0.271 
0.870 2.890 1.144 0.490 0.375 
0.660 2.830 0.834 0.512 0.439 
1.040 2.980 0.828 0.416 0.511 
1.410 2.930 0.723 0.420 0.448 
1.400 2.910 0.666 0.420 0.454 
1.350 3.100 0.563 0.420 0.336 
1.580 3.150 0.545 0.425 0.322 
1.770 3.180 0.571 0.427 0.255 
2.010 2.950 0.634 0.369 0.243 
1.120 3.090 0.763 0.422 0.347 
0.830 2.670 0.597 0.457 0.266 
0.770 2.750 0.698 0.568 0.281 
0.640 3.270 0.672 0.524 0.282 
0.720 3.110 0.623 0.507 0.340 
0.600 3.200 0.758 0.725 0.558 
0.600 3.250 0.816 0.608 0.515 
1.530 2.850 0.904 0.596 0.426 
2.190 2.760 0.618 0.400 0.452 
2.170 2.590 0.714 0.415 0.456 
1.420 3.200 0.827 0.530 0.276 
1.550 3.110 0.824 0.439 0.288 
1.250 2.420 0.652 0.473 0.333 
1.150 2.610 0.532 0.377 0.258 
1.480 2.580 0.763 0.457 0.380 
0.850 2.870 0.960 0.562 0.481 
1.050 2.900 0.983 0.545 0.339 
1.020 3.180 0.687 0.516 0.356 
1.960 2.920 0.607 0.474 0.404 
1.440 3.140 0.533 0.383 0.357 
2.030 3.140 0.557 0.414 0.519 
1.690 3.330 0.545 0.399 0.340 
1.380 2.970 0.558 0.422 0.336 
1.840 3.090 0.632 0.444 0.201 
2.100 2.390 0.633 0.405 0.199 
1.260 2.620 0.674 0.405 0.272 
1.750 3.190 0.561 0.414 0.221 
1.220 3.060 0.515 0.423 0.287 
0.720 3.290 0.615 0.498 0.267 
0.990 3.260 0.566 0.440 0.267 
1.040 2.900 0.741 0.591 0.446 
1.880 3.030 0.818 0.607 0.405 
1.820 3.180 0.798 0.564 0.521 
2.300 2.850 0.784 0.485 0.501 
2.340 2.870 0.715 0.407 0.347 
1.900 2.940 0.522 0.504 0.318 
1.040 2.800 0.711 0.552 0.311 
1.480 2.870 0.622 0.403 0.286 
1.570 3.420 0.729 0.480 0.296 
1.100 3.090 1.116 0.485 0.426 
0.890 3.120 0.688 0.452 0.511 
1.500 2.850 0.650 0.457 0.351 
1.790 3.300 0.588 0.410 0.508 
1.520 2.850 0.549 0.414 0.474 
1.700 2.670 0.605 0.406 0.286 
1.380 2.720 0.639 0.441 0.272 
1.280 2.820 0.493 0.371 0.301 
2.520 3.170 0.578 0.384 0.288 
1.590 3.020 0.575 0.377 0.315 
1.320 2.910 0.618 0.442 0.255 
1.200 2.940 0.659 0.521 0.288 
0.780 2.770 0.628 0.439 0.346 
1.060 3.250 0.846 0.606 0.326 
1.880 3.000 0.844 0.467 0.358 
2.720 2.970 0.918 0.548 0.362 
2.420 2.820 0.885 0.579 0.471 
2.270 3.020 0.606 0.452 0.403 
2.440 3.000 0.647 0.401 0.287 
2.110 2.940 0.794 0.412 0.291 
1.400 2.890 0.802 0.535 0.388 
1.420 3.070 0.814 0.480 0.348 
1.420 2.490 0.932 0.613 0.305 
1.060 3.040 0.865 0.466 0.324 
0.980 2.920 0.844 0.434 0.274 
1.640 3.000 0.570 0.565 0.428 
1.710 2.670 0.545 0.427 0.467 
1.450 2.650 0.556 0.371 0.427 
1.250 2.870 0.585 0.405 0.481 
1.130 2.230 0.643 0.413 0.379 
2.050 2.460 0.500 0.359 0.257 
1.050 2.810 0.436 0.341 0.304 
0.730 2.990 0.465 0.407 0.250 
1.040 2.860 0.693 0.482 0.288 
1.290 2.600 0.737 0.547 0.308 
1.030 3.280 1.270 0.754 0.384 
1.170 3.440 1.248 0.599 0.401 
1.230 2.900 0.928 0.499 0.334 
1.770 2.860 0.729 0.519 0.403 
2.190 2.770 0.786 0.483 0.382 
1.770 3.060 0.680 0.441 0.296 
2.190 2.980 0.775 0.443 0.307 
2.600 2.800 0.963 0.472 0.417 
1.700 2.750 0.698 0.594 0.424 
0.870 2.970 0.811 0.407 0.290 
0.870 3.150 0.855 0.457 0.268 
1.490 2.750 0.492 0.440 0.377 
1.090 2.800 0.534 0.385 0.527 
1.130 2.570 0.666 0.407 0.597 
1.410 2.740 0.550 0.365 0.367 
1.080 3.390 0.537 0.400 0.248 
1.420 2.450 0.556 0.402 0.271 
1.490 2.900 0.678 0.411 0.291 
0.970 2.990 0.669 0.452 0.278 
1.690 3.200 0.683 0.461 0.307 
1.240 3.100 0.822 0.550 0.281 
0.540 3.190 1.060 0.647 0.421 
0.490 3.240 1.183 0.628 0.352 
1.080 3.250 0.887 0.527 0.283 
2.150 2.960 0.715 0.510 0.382 
2.770 2.950 0.701 0.537 0.355 
2.040 2.680 0.693 0.507 0.329 
1.650 3.140 0.682 0.508 0.220 
1.160 2.710 0.722 0.499 0.275 
-999.000 -999.000 -999.000 -999.000 -999.000 
1.250 2.610 0.633 0.505 0.367 
1.370 2.490 0.813 0.571 0.393 
1.630 2.330 0.646 0.423 0.400 
1.210 2.900 0.666 0.431 0.294 
1.500 3.150 0.544 0.371 0.239 
1.700 3.120 0.539 0.390 0.333 
0.910 2.250 0.598 0.536 0.469 
0.990 2.820 0.692 0.356 0.429 
1.050 2.730 0.716 0.360 0.327 
1.400 2.850 0.985 0.431 0.322 
1.930 3.130 0.915 0.558 0.333 
1.550 3.210 0.811 0.553 0.275 
1.290 3.330 0.629 0.429 0.250 
1.320 2.730 0.798 0.479 0.315 
0.560 2.540 0.848 0.574 0.305 
0.860 3.110 0.893 0.571 0.285 
2.340 2.980 0.866 0.474 0.251 
1.960 2.890 0.764 0.463 0.288 
1.950 3.080 0.684 0.525 0.306 
1.810 2.680 0.808 0.516 0.327 
1.700 3.230 0.751 0.527 0.234 
1.870 3.110 0.876 0.585 0.304 
2.120 3.030 0.621 0.445 0.290 
1.300 2.730 0.879 0.617 0.635 
1.010 2.050 0.700 0.585 0.576 
1.530 2.600 0.614 0.405 0.346 
1.140 3.120 0.597 0.417 0.291 
1.690 3.130 0.451 0.364 0.293 
1.320 2.860 0.446 0.382 0.309 
1.450 2.330 0.625 0.397 0.472 
2.040 3.090 0.778 0.429 0.364 
2.330 3.240 0.738 0.486 0.333 
1.860 3.210 0.752 0.562 0.377 
1.040 3.400 0.908 0.628 0.388 
0.590 3.270 0.865 0.538 0.311 
0.770 2.720 0.839 0.572 0.285 
0.950 2.750 0.971 0.687 0.259 
2.440 3.050 0.685 0.559 0.287 
2.080 3.330 0.859 0.550 0.245 
2.810 3.150 0.963 0.535 0.294 
1.650 3.090 0.750 0.492 0.309 
1.530 2.970 0.826 0.495 0.301 
1.660 2.910 1.043 0.616 0.342 
1.380 2.950 0.706 0.548 0.474 
0.540 2.100 0.838 0.586 0.602 
1.140 2.820 0.523 0.393 0.360 
1.030 2.630 0.478 0.379 0.319 
0.990 2.880 0.652 0.424 0.350 
1.010 2.900 0.621 0.427 0.329 
1.200 2.340 0.643 0.540 0.538 
1.550 2.650 0.775 0.455 0.407 
1.700 2.950 0.791 0.473 0.522 
1.950 3.040 1.010 0.501 0.459 
2.330 3.120 0.979 0.564 0.346 
1.570 3.240 0.811 0.558 0.386 
0.930 2.940 0.790 0.543 0.322 
0.590 2.980 0.780 0.504 0.311 
1.440 2.790 0.754 0.494 0.288 
2.510 2.840 0.698 0.480 0.236 
1.830 2.790 0.746 0.564 0.211 
2.110 2.850 1.025 0.638 0.349 
2.650 2.980 1.169 0.641 0.353 
1.270 1.800 1.180 0.657 0.634 
1.130 2.650 1.031 0.699 0.511 
0.800 2.410 1.472 0.952 0.640 
0.960 2.390 1.079 0.803 0.667 
0.730 2.310 1.155 0.699 0.665 
0.880 2.190 1.486 0.798 0.823 
1.470 2.530 0.696 0.521 0.362 
1.220 2.240 0.836 0.579 0.434 
0.740 2.570 0.586 0.437 0.281 
1.150 3.190 0.960 0.564 0.295 
1.190 2.920 0.952 0.598 0.452 
1.210 2.940 1.282 0.651 0.560 
1.510 3.000 1.115 0.568 0.557 
2.040 3.150 1.070 0.610 0.431 
1.700 3.060 0.814 0.652 0.365 
1.220 3.060 0.623 0.516 0.334 
1.160 3.290 0.648 0.576 0.359 
1.800 3.040 0.708 0.524 0.330 
2.180 2.980 0.847 0.522 0.203 
2.350 3.150 0.803 0.555 0.256 
2.450 3.150 0.857 0.530 0.342 
2.340 3.030 1.019 0.625 0.373 
1.190 1.410 1.196 0.739 0.780 
1.180 2.020 1.074 0.730 0.799 
0.900 2.230 1.611 1.027 0.831 
0.940 2.380 1.474 0.884 0.792 
0.870 2.670 1.562 0.954 0.830 
0.900 2.140 1.642 0.890 1.018 
1.060 2.040 1.096 0.645 0.738 
1.100 2.340 0.834 0.485 0.555 
1.680 2.550 0.723 0.539 0.362 
1.460 2.770 0.836 0.603 0.341 
1.220 2.680 0.788 0.502 0.553 
1.510 2.970 0.859 0.532 0.541 
1.810 2.860 1.129 0.669 0.474 
1.620 2.980 0.902 0.548 0.353 
1.740 2.980 0.546 0.447 0.241 
1.680 2.830 0.580 0.471 0.275 
1.880 2.760 0.719 0.559 0.386 
1.880 2.770 0.915 0.513 0.241 
1.590 2.570 0.879 0.595 0.460 
1.520 2.030 1.272 0.769 0.707 
1.540 1.980 1.204 0.700 0.619 
1.290 2.030 1.382 0.657 0.672 
1.520 2.110 1.513 0.630 0.672 
1.040 2.460 1.593 0.906 0.705 
0.920 2.490 1.664 1.070 0.785 
0.910 1.910 1.392 0.889 0.826 
0.960 2.160 1.429 0.897 0.900 
0.830 2.280 1.481 0.829 0.955 
0.990 2.820 0.807 0.499 0.367 
1.890 3.030 0.699 0.516 0.476 
1.750 3.100 0.949 0.634 0.396 
1.140 3.020 1.133 0.679 0.387 
1.430 2.930 1.086 0.624 0.550 
1.550 3.090 0.953 0.627 0.515 
1.640 2.300 0.781 0.532 0.481 
1.540 2.370 0.661 0.506 0.237 
1.780 2.110 0.720 0.520 0.243 
1.860 2.800 0.755 0.635 0.260 
2.270 3.010 0.887 0.614 0.278 
1.360 2.090 0.919 0.581 0.465 
1.200 1.530 1.407 0.795 0.770 
1.130 1.420 1.630 0.955 0.895 
1.270 1.990 1.269 0.655 0.576 
0.930 1.980 1.641 0.809 0.748 
0.860 1.950 1.614 0.925 0.663 
0.920 2.580 1.522 0.946 0.596 
0.800 2.200 1.671 0.993 0.831 
0.990 2.430 1.162 0.855 0.819 
0.740 1.840 1.061 0.766 0.622 
1.290 2.870 0.958 0.491 0.268 
1.690 2.950 0.795 0.520 0.390 
2.140 2.760 0.960 0.561 0.373 
1.610 2.970 1.282 0.675 0.324 
1.500 2.630 0.807 0.559 0.443 
2.030 2.630 0.694 0.471 0.478 
1.880 2.320 0.841 0.501 0.476 
2.150 2.150 0.719 0.473 0.259 
1.900 2.240 0.706 0.498 0.226 
1.820 2.600 0.730 0.574 0.276 
2.290 3.080 0.857 0.638 0.295 
2.310 2.790 0.937 0.592 0.395 
1.330 2.030 1.061 0.683 0.580 
1.460 2.640 1.176 0.612 0.398 
0.950 1.810 1.328 0.978 0.708 
0.880 2.170 1.320 0.966 0.913 
0.870 2.270 1.658 1.289 1.114 
0.820 2.520 1.519 0.945 0.709 
0.990 2.610 1.443 0.852 0.775 
0.740 2.210 1.239 0.800 0.674 
0.810 2.280 1.174 0.616 0.652 
0.480 2.990 1.282 0.748 0.680 
1.220 2.500 1.242 0.662 0.441 
1.550 2.590 0.947 0.613 0.457 
1.650 3.230 1.176 0.646 0.329 
1.130 2.820 1.033 0.558 0.433 
1.450 2.530 0.904 0.596 0.515 
1.610 2.920 0.844 0.469 0.394 
1.560 2.090 0.850 0.462 0.278 
1.910 2.710 0.641 0.453 0.248 
1.810 2.680 0.865 0.562 0.286 
1.650 3.240 0.804 0.579 0.343 
1.960 3.030 0.855 0.563 0.250 
1.710 2.580 0.955 0.564 0.365 
1.030 1.790 1.434 1.016 0.799 
1.110 1.740 1.414 1.163 0.995 
0.840 2.160 1.151 0.891 0.943 
0.980 2.720 1.929 1.426 1.239 
0.980 2.460 1.561 1.175 0.924 
0.960 2.630 1.611 1.054 0.826 
0.740 2.410 1.381 0.838 0.709 
0.650 2.520 1.077 0.628 0.753 
1.210 2.800 1.062 0.606 0.650 
1.070 2.590 1.063 0.556 0.465 
0.740 3.000 1.377 0.757 0.284 
1.330 2.510 0.886 0.569 0.351 
1.140 2.850 1.009 0.666 0.411 
1.120 2.740 0.967 0.560 0.306 
1.220 2.750 0.651 0.318 0.385 
-999.000 -999.000 -999.000 -999.000 -999.000 
1.420 2.770 1.016 0.581 0.238 
1.260 2.810 0.747 0.420 0.292 
1.780 3.130 0.910 0.537 0.319 
1.720 2.940 0.671 0.470 0.290 
2.110 3.020 0.840 0.482 0.267 
2.570 2.960 0.752 0.441 0.275 
1.460 2.380 1.030 0.817 0.781 
0.990 2.350 1.754 1.258 0.998 
0.950 1.910 1.545 1.138 0.992 
0.960 2.560 1.795 1.470 1.131 
1.070 2.650 1.960 1.436 1.158 
0.980 2.540 1.481 0.974 0.909 
0.830 2.630 1.349 0.830 0.808 
0.810 2.580 1.009 0.696 0.767 
0.880 2.410 1.081 0.688 0.677 
0.790 2.240 1.022 0.744 0.858 
-999.000 -999.000 -999.000 -999.000 -999.000 
1.350 2.110 0.911 0.544 0.283 
1.310 2.790 0.919 0.592 0.618 
1.380 2.820 0.951 0.626 0.477 
1.730 2.660 0.836 0.514 0.485 
1.710 2.960 0.874 0.463 0.376 
1.240 3.220 0.723 0.441 0.292 
1.700 2.950 0.720 0.437 0.347 
1.210 3.080 0.875 0.510 0.277 
1.210 2.930 0.764 0.448 0.263 
1.520 3.180 0.980 0.483 0.326 
1.840 2.900 0.892 0.537 0.496 
1.440 2.230 1.489 1.129 0.944 
1.270 1.920 1.333 1.009 0.906 
0.870 2.050 1.500 1.149 1.029 
0.840 2.700 1.771 1.264 1.069 
0.950 2.380 1.404 0.935 0.929 
0.800 2.760 1.378 0.816 0.834 
1.060 1.850 1.048 0.883 0.984 
0.750 1.820 1.240 0.962 0.972 
0.620 2.070 0.904 0.841 1.123 
-999.000 -999.000 -999.000 -999.000 -999.000 
1.790 3.120 0.865 0.319 0.351 
1.480 2.830 0.891 0.554 0.475 
1.480 2.950 1.155 0.686 0.699 
1.470 2.840 1.160 0.786 0.621 
1.070 3.250 1.008 0.612 0.385 
2.150 2.910 0.799 0.492 0.316 
2.300 3.120 0.999 0.546 0.278 
2.010 2.960 0.884 0.513 0.264 
1.920 3.160 0.734 0.463 0.276 
2.010 3.220 0.916 0.466 0.357 
2.260 3.140 1.063 0.506 0.197 
1.490 2.260 1.117 0.715 0.775 
1.150 2.280 1.037 0.655 0.758 
0.790 2.180 1.215 0.791 0.679 
1.020 2.390 1.401 0.949 0.802 
1.030 2.070 1.458 0.993 0.918 
0.710 1.740 1.105 0.882 0.891 
0.910 1.770 1.529 1.301 1.227 
-999.000 -999.000 -999.000 -999.000 -999.000 
-999.000 -999.000 -999.000 -999.000 -999.000 
-999.000 -999.000 -999.000 -999.000 -999.000 
-999.000 -999.000 -999.000 -999.000 -999.000 
1.650 2.220 1.683 0.938 0.597 
1.500 3.110 0.925 0.574 0.514 
1.590 2.980 1.013 0.626 0.683 
1.570 2.970 0.919 0.600 0.700 
1.630 3.160 0.667 0.429 0.774 
1.780 3.050 0.877 0.473 0.406 
1.790 2.670 0.845 0.484 0.331 
2.460 3.040 0.850 0.459 0.247 
2.460 3.560 0.958 0.536 0.453 
1.820 3.260 0.881 0.527 0.410 
2.340 3.000 0.939 0.526 0.335 
1.910 2.900 0.956 0.572 0.428 
0.880 2.560 0.874 0.575 0.578 
1.240 3.140 0.675 0.522 0.345 
0.930 2.130 1.313 0.730 0.725 
0.820 1.920 1.590 1.117 0.999 
0.810 2.310 1.283 1.174 1.170 
-999.000 -999.000 -999.000 -999.000 -999.000 
-999.000 -999.000 -999.000 -999.000 -999.000 
-999.000 -999.000 -999.000 -999.000 -999.000 
-999.000 -999.000 -999.000 -999.000 -999.000 
-999.000 -999.000 0.758 -999.000 -999.000 
1.210 2.990 0.977 0.601 0.597 
1.400 2.660 0.937 0.591 0.679 
1.610 2.790 0.944 0.550 0.602 
1.320 3.110 0.786 0.493 0.318 
1.360 3.160 0.805 0.470 0.321 
1.260 2.890 0.738 0.441 0.300 
2.120 3.020 0.787 0.470 0.344 
1.850 2.960 1.083 0.534 0.427 
1.810 3.040 1.049 0.511 0.424 
1.610 3.000 1.067 0.568 0.500 
1.450 2.960 0.632 0.439 0.346 
1.000 3.130 0.623 0.528 0.373 
0.960 3.240 1.021 0.656 0.482 
-999.000 -999.000 -999.000 -999.000 -999.000 
-999.000 -999.000 -999.000 -999.000 -999.000 
-999.000 -999.000 -999.000 -999.000 -999.000 
-999.000 -999.000 -999.000 -999.000 -999.000 
-999.000 -999.000 -999.000 -999.000 -999.000 
-999.000 -999.000 -999.000 -999.000 -999.000 
2.240 3.030 0.939 0.756 0.646 
2.020 2.890 1.312 0.730 0.577 
1.380 2.260 0.938 0.508 0.748 
1.590 2.370 1.023 0.636 0.694 
1.270 2.310 0.983 0.595 0.657 
1.070 3.000 0.784 0.454 0.514 
1.280 3.210 0.775 0.506 0.392 
1.440 3.420 0.794 0.474 0.337 
1.220 2.910 0.775 0.482 0.311 
1.530 3.130 0.932 0.524 0.348 
2.210 2.970 0.768 0.458 0.330 
1.370 2.990 0.800 0.462 0.531 
1.240 2.900 0.731 0.433 0.470 
2.080 2.700 0.898 0.615 0.631 
1.680 2.200 1.375 1.172 0.630 
-999.000 -999.000 -999.000 -999.000 -999.000 
-999.000 -999.000 -999.000 -999.000 -999.000 
-999.000 -999.000 -999.000 -999.000 -999.000 
-999.000 -999.000 -999.000 -999.000 -999.000 
-999.000 -999.000 -999.000 -999.000 -999.000 
-999.000 -999.000 -999.000 -999.000 -999.000 
1.970 2.710 1.505 0.900 0.786 
2.410 3.070 1.181 0.634 0.581 
0.980 2.530 1.586 0.818 0.851 
1.510 2.010 1.087 0.814 0.705 
1.730 2.690 1.250 0.698 0.582 
1.000 2.520 0.923 0.593 0.558 
1.440 2.770 0.762 0.508 0.358 
2.230 3.050 0.644 0.468 0.233 
1.960 3.390 0.901 0.540 0.308 
1.900 3.210 0.782 0.483 0.379 
1.490 2.800 0.785 0.504 0.407 
1.120 2.970 0.739 0.440 0.357 
2.330 2.910 0.815 0.478 0.445 
1.940 2.610 1.247 0.734 0.554 
-999.000 -999.000 -999.000 -999.000 -999.000 
-999.000 -999.000 -999.000 -999.000 -999.000 
-999.000 -999.000 -999.000 -999.000 -999.000 
-999.000 -999.000 -999.000 -999.000 -999.000 
-999.000 -999.000 -999.000 -999.000 -999.000 
-999.000 -999.000 -999.000 -999.000 -999.000 
2.300 3.010 1.167 0.758 0.556 
2.720 3.110 1.219 0.661 0.506 
1.880 3.320 1.177 0.720 0.454 
-999.000 -999.000 -999.000 -999.000 -999.000 
1.280 2.160 1.366 0.645 0.671 
1.200 2.680 1.297 0.650 0.596 
1.180 2.490 0.807 0.528 0.432 
1.550 2.620 1.006 0.635 0.379 
1.550 2.810 0.705 0.495 0.284 
1.760 2.860 0.709 0.487 0.375 
2.350 3.180 0.878 0.562 0.390 
1.930 3.090 0.708 0.501 0.422 
1.680 2.940 0.629 0.437 0.364 
2.060 3.000 0.703 0.393 0.348 
2.710 2.640 1.192 0.920 0.703 
-999.000 -999.000 -999.000 -999.000 -999.000 
-999.000 -999.000 -999.000 -999.000 -999.000 
-999.000 -999.000 -999.000 -999.000 -999.000 
-999.000 -999.000 -999.000 -999.000 -999.000 
-999.000 -999.000 -999.000 -999.000 -999.000 
1.780 3.000 1.419 1.005 0.643 
2.080 3.120 1.298 0.641 0.428 
1.950 3.050 1.064 0.596 0.390 
1.490 2.990 1.527 0.779 0.317 
2.950 2.810 1.954 0.946 0.604 
-999.000 -999.000 -999.000 -999.000 -999.000 
1.160 2.020 0.764 0.585 0.449 
1.040 2.620 0.807 0.559 0.486 
1.320 2.350 0.871 0.567 0.399 
1.310 2.430 0.664 0.488 0.358 
1.510 3.310 0.841 0.564 0.335 
1.480 3.010 0.824 0.512 0.318 
1.780 2.910 0.751 0.489 0.392 
1.660 2.800 1.058 0.559 0.408 
2.260 3.120 1.062 0.620 0.472 
3.280 2.790 1.073 0.612 0.442 
2.250 2.780 1.111 0.731 0.578 
1.370 2.690 1.006 0.759 0.621 
-999.000 -999.000 -999.000 -999.000 -999.000 
-999.000 -999.000 -999.000 -999.000 -999.000 
2.290 2.940 1.330 0.757 0.529 
1.930 2.990 1.198 0.617 0.378 
2.030 3.000 1.295 0.670 0.491 
2.720 2.920 1.150 0.606 0.350 
2.170 2.920 0.855 0.576 0.296 
1.790 2.800 1.433 0.648 0.446 
1.240 2.300 0.998 0.489 0.435 
1.160 2.920 0.898 0.378 0.536 
1.340 1.770 0.900 0.568 0.633 
1.950 2.990 0.598 0.401 0.352 
1.160 3.020 0.719 0.435 0.311 
1.260 2.970 0.762 0.497 0.347 
1.520 3.010 0.701 0.443 0.422 
0.940 2.730 0.758 0.486 0.344 
2.060 2.710 0.833 0.532 0.398 
2.290 2.610 0.894 0.525 0.513 
1.580 2.680 1.022 0.661 0.626 
-999.000 -999.000 -999.000 -999.000 -999.000 
-999.000 -999.000 -999.000 -999.000 -999.000 
1.660 3.070 1.129 0.697 0.480 
1.290 2.290 0.860 0.494 0.437 
1.840 3.220 0.723 0.511 0.384 
2.310 3.010 0.736 0.495 0.408 
1.710 2.740 0.734 0.476 0.337 
1.960 2.910 0.886 0.463 0.415 
2.480 2.710 0.750 0.483 0.570 
0.900 2.920 1.708 0.663 0.490 
1.600 2.870 0.881 0.522 0.511 
1.130 2.740 0.639 0.432 0.433 
1.120 2.770 0.547 0.402 0.351 
1.350 3.200 0.713 0.427 0.401 
1.180 2.660 0.600 0.390 0.389 
0.970 2.720 0.718 0.452 0.327 
1.600 2.610 0.687 0.483 0.494 
0.850 2.510 0.936 0.550 0.604 
1.470 3.110 0.918 0.591 0.698 
0.960 2.520 1.220 0.850 0.593 
-999.000 -999.000 -999.000 -999.000 -999.000 
-999.000 -999.000 -999.000 -999.000 -999.000 
1.760 3.280 0.726 0.391 0.565 
1.430 3.490 0.771 0.483 0.407 
1.730 2.930 0.697 0.512 0.392 
1.940 2.500 0.627 0.410 0.413 
1.820 3.000 0.595 0.413 0.623 
0.660 2.750 0.830 0.570 0.749 
1.000 2.750 0.956 0.503 0.605 
1.080 2.680 0.878 0.570 0.758 
1.470 2.350 0.839 0.606 0.772 
1.830 3.130 0.586 0.381 0.484 
1.480 3.000 0.491 0.383 0.327 
1.930 2.970 0.591 0.380 0.421 
-999.000 -999.000 -999.000 -999.000 -999.000 
1.410 2.910 0.718 0.546 0.520 
1.120 2.940 0.887 0.542 0.490 
-999.000 -999.000 -999.000 -999.000 -999.000 
1.020 3.140 1.342 0.656 0.975 
1.330 2.620 1.285 0.619 0.773 
1.490 3.290 0.736 0.532 0.467 
1.470 2.900 0.651 0.491 0.380 
2.360 3.030 0.638 0.481 0.246 
1.170 3.350 0.595 0.462 0.188 
0.840 2.670 1.152 0.469 0.600 
1.080 2.760 1.470 0.618 0.662 
1.560 2.360 0.907 0.599 0.698 
0.940 2.870 0.919 0.619 0.467 
1.360 3.010 1.344 0.608 0.470 
1.420 3.150 0.859 0.412 0.399 
1.810 3.160 0.717 0.443 0.407 
1.290 3.010 0.639 0.363 0.656 
1.230 2.910 0.754 0.455 0.643 
1.280 2.500 0.705 0.490 0.418 
1.210 2.630 0.718 0.463 0.410 
-999.000 -999.000 -999.000 -999.000 -999.000 
0.960 2.860 1.171 0.646 1.152 
0.960 2.390 1.029 0.635 0.819 
-999.000 -999.000 -999.000 -999.000 -999.000 
0.770 2.460 1.414 0.515 0.440 
1.090 2.340 0.597 0.443 0.410 
0.840 3.120 0.623 0.403 0.256 
0.810 3.140 0.616 0.376 0.284 
0.870 3.080 0.690 0.346 0.341 
-999.000 -999.000 -999.000 -999.000 -999.000 
0.660 2.490 1.247 0.632 0.568 
1.170 2.590 0.910 0.588 0.434 
0.890 2.920 0.884 0.527 0.442 
1.020 2.830 0.850 0.434 0.320 
1.190 2.750 0.930 0.475 0.445 
1.380 3.200 0.839 0.435 0.460 
1.210 2.970 0.750 0.432 0.528 
1.240 2.880 0.718 0.445 0.688 
1.940 2.690 0.827 0.493 0.605 
1.220 2.780 1.176 0.519 0.355 
1.900 3.400 0.850 0.518 0.622 
1.090 2.350 1.005 0.651 0.964 
1.280 1.880 0.949 0.881 1.051 
-999.000 -999.000 -999.000 -999.000 -999.000 
-999.000 -999.000 -999.000 -999.000 -999.000 
2.450 2.540 0.787 0.502 0.447 
1.060 2.950 0.864 0.479 0.213 
0.690 3.140 0.802 0.505 0.241 
1.440 3.260 0.792 0.495 0.247 
0.480 2.620 0.951 0.651 0.812 
1.440 2.980 1.184 0.585 0.529 
1.060 2.510 0.970 0.590 0.422 
1.340 2.350 0.539 0.383 0.373 
1.330 2.770 0.640 0.389 0.350 
1.250 3.050 0.939 0.473 0.439 
1.250 3.400 0.762 0.482 0.559 
1.110 2.980 0.734 0.522 0.668 
1.610 2.810 0.705 0.471 0.466 
1.470 2.810 0.817 0.523 0.495 
1.420 3.380 0.809 0.539 0.465 
1.710 3.050 0.957 0.635 0.616 
1.600 1.920 1.088 0.812 0.912 
1.470 1.840 1.098 0.891 1.089 
1.350 2.480 1.062 0.742 0.992 
2.070 3.090 0.818 0.547 0.382 
1.600 3.250 0.945 0.518 0.305 
0.890 2.910 0.826 0.528 0.309 
1.620 3.030 0.716 0.547 0.283 
1.050 3.250 1.040 0.557 0.258 
1.290 2.090 0.977 0.508 0.505 
0.910 2.190 0.754 0.559 0.592 
0.880 2.620 1.006 0.598 0.485 
1.250 3.240 0.909 0.467 0.445 
1.470 3.040 0.843 0.448 0.376 
1.180 3.100 0.829 0.503 0.392 
1.050 2.250 0.591 0.411 0.351 
1.330 2.540 0.851 0.615 0.495 
1.400 3.210 0.854 0.557 0.592 
1.600 2.930 0.929 0.503 0.557 
1.680 3.190 0.934 0.481 0.439 
1.600 2.720 0.896 0.707 0.609 
1.580 2.690 1.286 1.052 0.987 
1.120 1.590 0.573 0.443 0.662 
1.660 2.890 0.922 0.477 0.405 
1.260 3.070 1.110 0.580 0.395 
1.900 2.470 1.458 0.708 0.397 
0.810 3.160 1.051 0.533 0.289 
0.890 2.990 1.094 0.468 0.309 
-999.000 -999.000 -999.000 -999.000 -999.000 
1.580 2.920 0.721 0.849 0.693 
0.850 3.200 1.011 0.602 0.478 
1.460 3.300 0.913 0.569 0.547 
2.160 3.300 0.798 0.483 0.415 
1.550 3.210 0.880 0.442 0.484 
1.120 3.100 0.664 0.448 0.420 
1.330 2.930 0.833 0.491 0.549 
1.460 3.240 0.734 0.461 0.434 
0.840 3.130 0.579 0.432 0.442 
0.950 2.860 0.756 0.456 0.484 
1.450 3.110 0.809 0.580 0.594 
1.450 3.080 0.733 0.527 0.804 
-999.000 -999.000 -999.000 -999.000 -999.000 
1.430 2.350 1.035 0.599 0.753 
0.870 2.760 1.037 0.501 0.335 
1.560 2.950 1.081 0.498 0.295 
1.020 3.160 0.793 0.479 0.316 
1.060 3.050 0.964 0.518 0.371 
1.760 3.060 0.892 0.476 0.268 
0.610 2.810 0.793 0.475 0.425 
0.510 2.850 0.638 0.416 0.441 
1.340 3.140 0.711 0.441 0.369 
1.700 2.840 0.597 0.391 0.337 
1.290 3.150 0.551 0.389 0.376 
1.050 2.790 0.844 0.632 0.540 
1.750 2.960 0.958 0.555 0.456 
1.790 3.140 0.988 0.569 0.607 
1.230 2.900 0.746 0.432 0.607 
1.240 2.680 0.747 0.486 0.814 
1.540 2.590 0.907 0.618 0.763 
1.480 2.740 0.868 0.629 0.730 
1.360 1.950 1.091 0.628 0.747 
1.500 2.790 1.456 0.584 0.542 
2.190 2.970 1.008 0.494 0.385 
1.570 2.830 0.799 0.534 0.329 
1.350 2.950 0.852 0.501 0.372 
1.740 2.850 0.948 0.491 0.375 
-999.000 -999.000 -999.000 -999.000 -999.000 
0.760 2.790 0.682 0.411 0.420 
1.160 3.280 0.657 0.435 0.394 
1.110 3.010 0.699 0.455 0.355 
1.200 3.510 0.862 0.500 0.482 
1.140 2.330 1.037 0.652 0.501 
1.090 2.240 0.790 0.618 0.554 
1.340 2.720 0.804 0.596 0.676 
1.230 2.600 0.754 0.509 0.689 
2.390 3.000 0.832 0.521 0.879 
1.630 2.720 0.458 0.441 0.675 
2.360 3.360 0.610 0.444 0.510 
1.730 2.670 0.934 0.482 0.609 
2.620 3.060 0.976 0.477 0.566 
2.110 2.740 0.859 0.420 0.548 
1.000 2.600 0.683 0.374 0.406 
1.550 2.820 0.989 0.545 0.567 
1.460 2.550 0.786 0.420 0.465 
-999.000 -999.000 -999.000 -999.000 -999.000 
1.120 3.200 0.544 0.357 0.308 
1.260 2.170 1.215 0.839 0.587 
1.320 2.660 0.804 0.567 0.384 
1.100 2.700 1.013 0.708 0.437 
1.170 2.670 0.793 0.591 0.463 
1.860 2.400 0.593 0.383 0.646 
1.910 2.780 0.547 0.475 0.558 
2.070 3.160 0.855 0.460 0.576 
2.380 3.040 0.880 0.464 0.653 
2.060 2.840 1.041 0.560 0.573 
1.730 2.740 1.022 0.521 0.425 
1.780 2.830 0.733 0.413 0.410 
1.960 2.320 0.798 0.456 0.385 
1.080 2.730 0.733 0.418 0.470 
1.010 3.210 0.805 0.334 0.698 
-999.000 -999.000 -999.000 -999.000 -999.000 
1.690 2.620 0.835 0.580 0.434 
2.040 2.740 1.287 0.741 0.601 
1.540 2.750 1.236 0.829 0.650 
1.490 2.940 1.151 0.700 0.444 
1.320 2.680 1.022 0.671 0.462 
1.190 2.760 0.617 0.539 0.448 
1.690 3.070 0.495 0.520 0.569 
2.100 2.770 0.706 0.444 0.372 
2.560 2.820 1.000 0.488 0.409 
2.240 3.280 0.903 0.548 0.555 
2.330 3.030 0.864 0.518 0.592 
1.660 2.950 0.790 0.412 0.587 
1.860 2.790 0.924 0.531 0.417 
1.160 2.500 0.982 0.514 0.515 
1.120 2.880 1.043 0.483 0.596 
-999.000 -999.000 -999.000 -999.000 -999.000 
1.180 2.670 1.184 0.735 0.494 
1.480 2.360 1.417 0.944 0.675 
1.370 2.540 1.520 0.929 0.468 
1.310 2.590 1.316 0.883 0.651 
0.950 2.740 0.954 0.517 0.650 
-999.000 -999.000 0.334 -999.000 -999.000 
1.700 2.720 0.684 0.373 0.446 
2.050 3.120 0.826 0.420 0.646 
1.450 2.830 0.800 0.477 0.584 
2.080 2.760 0.986 0.661 0.577 
1.550 2.400 0.837 0.490 0.590 
1.580 2.510 0.936 0.560 0.463 
1.600 1.970 1.181 0.622 0.438 
1.140 2.250 1.805 1.319 1.180 
1.410 2.070 1.222 0.947 0.795 
1.620 2.360 1.015 0.822 0.548 
1.390 2.930 0.823 0.551 0.493 
1.480 2.910 1.125 0.627 0.497 
0.970 2.660 1.303 0.696 0.555 
1.340 2.940 1.277 0.480 0.475 
1.260 3.350 1.234 0.532 0.527 
1.870 2.970 0.979 0.497 0.656 
0.990 2.500 0.601 0.543 0.608 
-999.000 -999.000 -999.000 -999.000 -999.000 
1.590 2.920 0.899 0.561 0.464 
1.270 2.680 0.877 0.511 0.342 
0.940 2.770 0.806 0.385 0.345 
0.970 2.780 0.963 0.530 0.452 
-999.000 -999.000 -999.000 -999.000 -999.000 
