20170814 20170913 20171020 20171030 20171111 
1.971 5.782 5.393 3.740 1.704 
2.483 4.865 3.115 4.617 2.687 
1.567 4.616 4.245 6.047 2.536 
1.883 7.581 6.279 5.829 2.173 
-999.000 -999.000 -999.000 -999.000 -999.000 
4.212 7.235 4.642 5.445 2.002 
3.516 7.335 5.924 6.460 2.431 
1.728 6.909 6.407 6.470 2.494 
1.781 7.350 6.610 6.576 2.379 
1.856 6.055 5.243 6.581 2.524 
1.183 5.867 3.522 5.776 2.657 
1.567 4.785 3.352 5.289 2.477 
4.237 7.624 5.458 5.127 2.210 
4.039 7.399 6.010 6.414 2.107 
2.615 5.853 5.704 6.372 2.527 
1.697 5.182 5.789 7.041 3.393 
1.166 4.583 4.738 7.133 3.059 
1.464 3.936 2.830 5.080 1.984 
1.862 3.356 2.455 4.587 2.557 
1.365 4.398 4.029 6.847 3.013 
1.418 6.175 4.407 6.638 3.281 
1.730 5.079 3.630 5.546 2.932 
2.656 4.251 3.509 4.914 2.252 
2.259 6.366 7.077 6.642 2.306 
1.678 5.582 5.241 7.362 2.190 
1.596 4.962 5.021 6.676 2.882 
1.873 4.427 4.961 7.548 3.497 
1.188 5.828 8.749 8.731 3.861 
2.793 4.457 2.369 4.644 2.206 
1.746 5.749 2.741 4.279 2.304 
1.798 4.983 3.784 5.687 3.023 
1.631 5.659 7.381 8.499 3.554 
1.435 5.606 7.254 8.300 3.707 
2.093 5.375 4.418 6.473 2.956 
1.409 4.249 4.626 5.925 2.632 
2.101 5.087 4.571 5.799 2.520 
1.422 4.819 5.475 7.347 1.991 
1.785 5.509 4.867 6.635 2.194 
1.824 5.902 8.057 8.939 4.017 
1.508 5.949 7.750 8.652 3.840 
1.421 5.401 4.917 5.363 2.200 
3.219 8.280 2.811 3.205 1.706 
1.654 6.079 4.962 6.651 2.333 
1.592 5.922 4.035 5.899 2.645 
1.456 6.398 4.181 6.133 2.927 
1.526 5.792 3.389 4.950 3.068 
1.466 5.246 8.052 8.373 3.830 
1.440 6.083 7.994 9.036 3.453 
1.462 5.783 6.267 6.916 3.333 
1.149 4.968 4.238 6.626 2.667 
1.954 4.663 4.172 5.763 2.344 
1.801 4.954 5.007 5.558 1.810 
1.490 5.639 5.987 6.980 2.112 
1.765 6.008 5.252 6.179 2.431 
1.832 7.241 7.658 7.627 3.768 
1.585 6.707 8.291 7.773 3.154 
-999.000 -999.000 -999.000 -999.000 -999.000 
0.732 6.101 7.279 7.479 2.016 
1.196 6.185 6.430 6.044 2.714 
1.479 5.336 3.717 6.105 2.559 
1.798 5.307 3.250 5.791 2.494 
1.410 5.080 3.442 5.867 3.012 
1.394 6.733 4.658 5.817 2.871 
1.867 6.635 5.874 6.847 3.934 
1.308 5.949 8.402 8.702 3.897 
1.621 5.262 5.574 6.659 2.954 
2.048 5.779 5.125 6.384 2.250 
1.883 4.751 4.984 6.425 2.231 
2.504 5.551 4.982 5.263 2.113 
1.731 7.129 7.438 7.103 2.473 
1.725 7.033 7.212 7.620 2.566 
2.087 5.415 7.956 7.473 3.146 
2.261 5.557 7.126 6.945 3.051 
2.015 5.242 6.657 5.662 2.299 
2.073 7.401 3.966 4.606 1.043 
1.738 7.159 5.956 7.066 1.050 
0.797 5.723 8.344 6.816 1.728 
0.888 6.327 8.764 8.051 3.242 
2.047 4.522 4.608 5.553 3.169 
1.931 4.601 3.296 5.163 2.047 
1.753 6.067 4.264 5.742 2.845 
1.768 6.047 4.997 6.957 3.014 
1.663 6.142 5.062 5.658 3.699 
2.307 5.384 7.277 7.435 2.921 
1.782 6.285 7.432 7.998 2.759 
2.493 5.784 6.808 7.421 2.304 
2.132 6.135 4.622 5.464 1.867 
0.945 5.670 6.596 6.681 2.617 
2.164 6.775 6.889 6.611 2.320 
2.363 6.686 6.964 7.107 2.048 
2.174 5.147 6.642 6.347 2.148 
2.773 4.826 6.635 5.909 1.904 
3.416 4.404 7.675 6.120 2.948 
3.463 5.294 4.642 3.709 3.245 
0.922 7.068 5.270 5.587 1.629 
0.905 7.239 5.047 6.325 1.117 
1.870 7.311 6.209 6.407 1.379 
1.283 6.303 8.041 5.829 2.602 
0.608 8.028 8.466 8.025 2.651 
0.832 7.243 7.695 7.555 2.883 
1.222 7.598 6.617 6.979 2.337 
1.397 6.652 6.231 6.485 1.992 
1.793 6.530 5.076 6.864 3.139 
1.761 5.859 5.618 6.324 2.970 
1.841 5.770 5.882 6.814 3.619 
3.256 6.752 6.565 7.075 2.519 
2.595 8.014 5.852 6.365 2.529 
1.298 5.094 5.017 5.936 2.750 
0.761 5.349 4.049 6.451 2.713 
1.417 5.858 5.464 6.172 2.714 
2.057 5.744 5.701 6.602 2.067 
1.759 6.576 8.513 9.024 2.699 
2.445 4.886 6.870 7.137 2.119 
2.323 5.017 6.626 6.664 2.190 
2.604 7.065 7.511 6.085 2.203 
1.690 6.451 5.223 5.190 2.437 
1.356 7.824 6.593 6.786 2.305 
1.437 7.298 6.529 6.121 1.900 
1.815 7.530 6.005 6.277 1.930 
1.720 6.818 5.884 5.336 2.122 
0.954 7.438 8.574 6.715 2.399 
1.021 7.858 6.754 6.886 2.365 
0.976 7.142 6.400 6.432 2.488 
1.418 8.074 7.670 8.059 2.521 
1.482 6.731 6.783 7.779 2.586 
1.992 6.156 5.693 6.244 2.441 
0.601 5.172 6.051 5.685 3.435 
3.101 7.804 7.099 6.490 2.678 
2.232 7.623 6.935 6.751 2.631 
2.391 7.177 7.894 7.321 3.455 
2.406 5.824 4.317 6.314 2.465 
2.647 7.109 5.758 6.804 2.754 
2.994 5.908 6.159 6.552 2.379 
2.207 7.766 8.896 9.695 2.849 
1.804 6.174 8.887 8.704 2.826 
2.247 6.499 7.260 7.587 2.399 
2.042 6.353 8.492 7.840 2.982 
2.030 5.428 9.234 9.320 3.877 
1.393 5.524 5.905 4.647 2.361 
1.245 5.977 6.761 6.502 2.865 
1.163 8.314 8.296 7.018 2.735 
1.175 7.713 6.769 5.792 2.406 
1.683 7.974 5.986 5.871 2.116 
1.252 7.299 6.294 6.221 2.310 
1.371 6.944 5.893 5.010 2.546 
1.186 7.171 6.377 6.492 2.627 
1.054 6.836 5.353 5.627 2.711 
2.060 7.107 7.927 7.645 2.965 
2.399 7.615 6.581 6.250 1.208 
1.478 5.870 7.546 5.552 2.142 
2.642 6.961 7.640 7.931 3.664 
2.293 6.751 7.860 6.507 3.820 
2.449 7.505 7.598 6.789 2.711 
2.347 7.241 7.776 7.497 3.198 
1.760 5.964 6.757 7.891 3.501 
0.891 5.645 7.457 8.834 5.682 
0.900 5.172 6.577 8.099 4.479 
1.928 6.366 8.558 7.867 2.936 
1.710 5.594 9.278 8.698 2.821 
2.308 5.835 8.102 7.635 2.751 
2.457 6.335 8.708 7.593 2.869 
2.360 5.262 8.425 8.135 3.152 
2.197 7.329 6.055 6.320 2.448 
1.765 6.597 5.869 6.335 2.949 
1.487 6.235 6.433 7.069 2.801 
1.769 6.898 6.094 6.631 2.749 
2.044 7.090 6.735 5.570 2.411 
1.688 6.863 6.949 5.606 2.247 
1.349 6.833 7.182 4.929 2.796 
1.576 7.400 6.241 5.355 2.285 
1.645 8.598 5.623 4.693 1.872 
1.583 8.096 4.601 4.963 1.917 
1.915 7.228 7.342 7.329 1.813 
1.913 6.344 7.263 7.415 2.298 
1.255 6.303 7.402 8.222 4.640 
1.370 5.373 7.474 7.240 3.861 
1.831 6.007 6.766 7.255 3.405 
1.691 5.141 7.300 8.211 3.688 
1.131 5.862 7.253 8.756 4.520 
2.189 5.570 6.370 7.556 3.183 
2.566 5.754 6.364 7.122 1.677 
2.100 6.076 7.596 6.075 2.518 
1.582 6.985 8.065 6.740 2.038 
1.638 6.984 7.142 6.312 2.339 
2.802 6.554 8.708 8.642 3.088 
3.408 6.444 9.229 9.082 2.976 
2.152 5.489 6.179 6.909 3.167 
2.379 5.787 6.059 5.376 2.346 
2.268 6.175 5.029 5.277 1.591 
1.974 7.660 4.901 4.706 0.985 
1.562 7.895 6.257 5.623 1.737 
1.510 8.041 7.148 5.399 2.326 
1.148 8.066 7.085 5.028 2.336 
0.721 8.310 5.080 4.074 1.705 
1.361 7.620 5.895 5.254 1.547 
1.512 8.569 7.427 6.669 2.228 
2.438 7.658 6.885 6.430 2.290 
2.826 7.610 7.345 7.403 2.259 
1.590 6.701 6.677 7.857 3.127 
1.203 6.283 6.844 8.788 5.298 
1.198 6.259 7.075 6.492 3.679 
3.330 6.555 7.604 7.287 1.793 
2.593 7.313 8.086 7.560 1.783 
2.562 6.736 7.591 7.331 1.643 
2.428 7.907 7.893 7.279 1.843 
2.157 7.956 7.641 7.311 2.688 
1.844 7.686 6.997 5.376 1.806 
1.193 5.458 8.211 6.870 2.113 
1.928 5.445 7.702 7.478 2.139 
1.318 6.171 7.803 8.193 4.065 
1.332 6.539 7.876 7.991 4.693 
-999.000 4.734 4.039 -999.000 -999.000 
2.007 7.709 5.667 5.511 2.853 
1.372 6.945 6.891 7.454 2.239 
1.453 8.327 6.496 5.646 2.276 
0.925 8.334 5.582 5.098 1.718 
0.952 7.270 6.251 6.442 2.197 
1.426 7.678 8.420 6.902 2.405 
0.870 8.688 8.716 7.827 3.037 
1.347 8.421 7.370 6.759 1.784 
1.813 8.255 7.620 8.781 2.205 
1.492 6.401 7.609 8.764 3.379 
1.139 6.352 7.115 7.976 5.140 
0.982 7.160 8.389 8.371 5.597 
2.049 6.766 7.379 7.090 3.327 
1.740 6.140 7.320 7.372 3.169 
2.073 7.238 7.913 7.847 3.310 
2.203 7.284 7.956 7.407 3.267 
2.197 6.917 8.304 7.872 3.625 
2.241 6.418 7.388 6.999 2.391 
1.455 5.511 8.350 7.100 2.027 
1.539 7.182 8.147 7.859 2.222 
2.010 7.287 6.746 7.002 2.716 
2.885 7.317 7.327 6.526 2.772 
1.939 5.961 6.941 7.011 1.909 
1.486 6.865 5.650 5.307 2.182 
1.502 7.747 6.279 4.868 1.918 
1.493 7.638 5.642 5.451 2.067 
0.690 7.435 6.764 7.195 2.154 
0.917 6.546 6.317 6.127 1.990 
0.723 7.975 8.870 7.700 3.209 
1.287 8.468 8.530 6.645 1.183 
1.688 7.137 7.547 7.704 1.913 
1.326 5.641 7.391 7.639 1.613 
1.201 4.390 6.828 8.245 3.722 
1.256 3.746 2.726 4.283 1.869 
-999.000 -999.000 -999.000 -999.000 -999.000 
2.549 7.081 6.437 6.272 1.885 
3.523 7.212 7.768 6.131 1.610 
3.234 7.200 7.683 5.780 1.646 
3.113 7.498 8.045 6.797 2.360 
3.759 6.647 7.980 7.166 2.653 
2.661 6.426 6.695 6.395 2.140 
1.797 7.780 8.787 8.106 2.000 
1.700 7.224 7.514 7.718 2.281 
1.509 6.507 6.620 6.528 2.724 
1.525 6.464 7.192 7.923 4.039 
1.485 5.602 7.952 7.771 4.649 
2.183 7.321 5.088 4.183 2.203 
1.497 7.164 5.189 5.082 1.699 
1.623 7.881 5.920 4.939 1.081 
1.238 9.390 6.408 6.440 2.094 
1.152 7.410 6.503 6.376 2.256 
1.603 7.380 6.247 5.647 1.044 
1.214 8.343 8.122 6.437 1.025 
1.235 7.761 7.208 5.922 1.079 
1.646 7.612 6.174 5.720 2.151 
-999.000 -999.000 -999.000 -999.000 -999.000 
-999.000 -999.000 -999.000 -999.000 -999.000 
-999.000 -999.000 -999.000 -999.000 -999.000 
2.933 6.869 6.699 5.643 1.507 
3.930 7.926 6.653 5.993 1.935 
3.128 7.511 6.573 5.964 2.352 
3.471 6.570 7.447 6.408 2.804 
3.343 6.286 7.955 7.271 3.064 
3.216 6.898 7.652 7.066 2.840 
2.273 7.109 7.017 6.043 1.820 
1.664 6.002 6.882 8.511 2.473 
1.849 6.854 7.524 8.333 2.914 
2.563 7.215 7.346 8.850 3.970 
2.277 6.133 7.079 7.622 2.013 
2.485 7.680 4.728 4.421 0.981 
2.407 8.301 5.903 5.270 1.574 
1.879 8.545 7.510 6.413 2.674 
1.213 7.033 7.406 6.946 2.175 
0.859 7.340 7.686 7.526 2.159 
1.454 6.253 6.529 5.411 0.555 
-999.000 -999.000 -999.000 -999.000 -999.000 
-999.000 -999.000 -999.000 -999.000 -999.000 
-999.000 -999.000 -999.000 -999.000 -999.000 
-999.000 -999.000 -999.000 -999.000 -999.000 
-999.000 -999.000 -999.000 -999.000 -999.000 
2.021 7.140 3.014 4.885 2.074 
2.507 7.100 6.910 5.275 2.513 
3.742 7.372 6.413 5.784 1.995 
3.297 8.027 7.673 6.980 2.651 
2.725 7.329 7.863 6.875 3.056 
2.668 6.738 6.634 6.948 3.770 
2.348 5.814 7.392 7.701 3.234 
1.894 5.450 7.946 9.321 3.255 
1.618 7.033 7.661 8.821 2.463 
2.449 8.372 7.251 7.888 1.694 
1.994 6.880 7.695 8.686 2.875 
1.721 6.990 7.548 8.453 4.678 
2.395 8.205 5.803 4.440 2.014 
1.842 8.278 7.014 6.265 2.576 
1.100 7.342 6.539 6.457 2.284 
0.864 6.942 6.783 6.802 2.124 
0.950 5.589 6.371 7.120 2.126 
-999.000 -999.000 -999.000 -999.000 -999.000 
-999.000 -999.000 -999.000 -999.000 -999.000 
-999.000 -999.000 -999.000 -999.000 -999.000 
-999.000 -999.000 -999.000 -999.000 -999.000 
2.654 7.596 4.899 6.399 3.468 
2.312 8.121 6.809 6.825 2.890 
2.410 7.376 6.186 5.122 3.332 
2.591 7.537 7.944 7.404 3.354 
2.609 7.847 7.380 7.369 2.818 
2.379 6.686 6.897 7.213 3.128 
2.507 6.642 6.994 7.390 3.897 
2.591 6.513 8.000 8.230 3.700 
2.417 6.029 7.946 8.648 2.770 
2.572 6.687 7.913 8.478 2.419 
2.336 6.629 7.581 8.494 2.347 
1.817 7.557 8.165 9.663 2.993 
1.600 7.590 7.105 8.427 2.898 
-999.000 -999.000 -999.000 -999.000 -999.000 
2.085 8.919 5.322 5.574 2.849 
1.983 8.653 6.203 5.164 2.031 
1.705 8.064 7.291 7.387 2.527 
2.074 7.540 7.807 8.563 3.667 
-999.000 -999.000 -999.000 -999.000 -999.000 
-999.000 -999.000 -999.000 -999.000 -999.000 
-999.000 -999.000 -999.000 -999.000 -999.000 
-999.000 -999.000 -999.000 -999.000 -999.000 
-999.000 -999.000 -999.000 -999.000 -999.000 
2.382 6.781 6.534 7.098 3.601 
2.937 7.580 6.867 6.194 2.812 
2.559 7.161 7.079 6.955 3.251 
2.503 6.578 8.756 9.476 4.588 
2.668 6.475 7.449 8.481 4.041 
3.144 7.079 8.395 7.774 3.655 
3.351 7.223 8.573 7.592 3.000 
2.912 6.098 7.808 7.678 2.888 
3.437 6.851 7.384 6.945 1.901 
2.520 6.980 6.960 7.662 1.864 
2.070 6.767 6.579 8.041 1.844 
1.773 7.282 6.694 7.741 2.441 
1.859 6.867 6.318 7.133 2.341 
1.840 6.910 6.550 5.009 2.913 
1.996 6.938 7.001 6.959 2.800 
1.855 7.640 8.131 8.602 3.598 
1.334 5.715 7.483 7.602 3.279 
0.415 7.091 6.061 7.640 2.177 
0.641 7.671 5.638 6.786 2.929 
1.753 6.805 5.705 7.152 2.723 
2.005 7.785 6.704 9.526 3.868 
1.390 6.315 7.755 7.617 4.859 
2.619 8.404 8.045 8.019 4.443 
2.653 7.838 7.567 7.172 3.568 
2.888 7.562 6.993 7.412 4.167 
3.386 7.027 7.862 7.516 3.771 
3.510 6.409 7.542 6.859 2.806 
4.986 7.662 8.248 7.214 2.629 
3.941 6.424 8.170 7.152 2.752 
3.305 7.020 6.457 6.052 1.808 
4.153 7.564 7.113 6.841 1.653 
2.721 6.753 7.159 7.874 2.087 
1.818 6.921 7.674 8.479 2.984 
1.733 7.966 8.005 9.211 4.181 
1.264 6.633 8.953 8.533 3.312 
1.890 6.871 6.309 6.143 2.724 
1.830 7.422 6.128 6.372 2.664 
1.054 7.779 7.336 7.116 3.497 
1.545 7.278 5.478 6.392 2.725 
0.838 7.595 7.291 6.968 2.847 
1.479 7.068 5.213 6.114 2.728 
1.736 6.837 7.774 8.752 3.682 
1.616 7.314 8.306 8.878 3.740 
2.167 7.065 6.406 7.266 3.714 
3.431 7.901 6.846 7.261 3.836 
2.758 8.276 8.174 7.042 3.216 
3.593 7.567 7.909 7.967 3.429 
2.624 5.715 7.931 8.092 4.199 
4.275 6.760 7.436 7.338 2.559 
3.238 7.320 7.621 6.435 2.250 
2.301 5.032 6.733 5.750 2.317 
3.385 6.676 7.161 7.297 2.109 
2.204 6.045 6.967 7.758 2.204 
1.797 6.106 6.809 8.047 3.322 
1.757 6.792 8.441 9.526 3.232 
1.467 5.174 7.554 8.098 3.412 
0.958 8.497 5.732 6.082 2.407 
2.054 7.289 6.543 6.388 2.730 
1.409 7.431 6.258 4.724 2.314 
1.690 7.357 7.353 7.306 2.230 
2.621 7.855 7.588 8.262 2.593 
2.152 7.074 7.560 7.646 4.182 
2.361 7.045 7.712 7.916 4.051 
3.445 7.375 8.071 7.355 3.712 
2.078 6.250 7.799 7.326 3.213 
3.457 6.492 8.230 7.907 3.964 
4.274 5.656 7.758 7.632 3.431 
3.010 7.389 7.338 6.532 2.461 
2.406 6.457 7.751 6.812 2.794 
2.347 5.069 7.295 7.279 2.636 
2.238 6.420 7.365 8.519 2.338 
2.937 7.286 7.770 7.941 2.974 
0.936 5.750 7.907 8.685 2.922 
1.380 5.957 7.481 8.184 3.036 
0.710 5.350 6.086 7.759 3.396 
2.037 6.165 6.221 4.098 1.170 
1.614 6.305 6.611 5.906 1.414 
1.142 7.578 6.144 5.319 1.706 
0.592 7.958 8.614 7.622 1.978 
1.489 7.266 7.414 6.992 2.003 
2.562 7.303 7.603 8.205 2.918 
2.151 7.509 7.760 8.844 3.536 
1.898 6.896 6.971 7.364 3.969 
2.294 7.887 7.970 7.670 4.313 
1.493 7.827 9.594 8.846 4.515 
3.594 8.091 8.564 7.760 3.176 
3.704 6.960 8.431 8.104 2.717 
2.493 7.040 7.539 6.869 2.768 
2.377 7.476 7.518 6.991 2.964 
1.783 7.105 7.626 7.672 2.573 
2.411 6.387 7.387 8.150 2.158 
2.163 6.131 6.296 7.317 2.147 
1.679 5.617 6.646 7.825 2.930 
1.503 5.218 7.029 8.451 3.465 
1.372 5.288 7.147 8.104 3.071 
-999.000 -999.000 -999.000 -999.000 -999.000 
1.768 7.652 5.353 5.023 2.210 
1.400 6.563 7.217 6.283 2.515 
1.546 7.878 6.599 5.936 1.281 
2.172 6.823 7.961 7.154 1.527 
1.576 6.618 7.487 7.655 2.415 
1.842 7.885 7.769 7.766 2.446 
2.055 8.021 6.815 7.262 2.592 
1.568 6.595 8.243 8.307 3.780 
2.407 8.795 8.863 9.195 4.319 
2.888 8.338 7.734 7.460 2.875 
3.838 6.927 6.888 6.922 2.071 
3.798 6.914 6.916 6.167 2.177 
3.156 7.125 6.942 6.977 2.397 
2.157 7.434 7.282 7.299 2.086 
2.097 6.916 7.020 7.512 2.168 
1.794 4.524 7.590 8.790 2.991 
1.560 5.179 8.046 8.692 2.908 
1.802 5.669 7.272 8.037 2.737 
1.750 6.355 8.478 8.215 2.959 
1.888 5.741 9.494 8.940 3.285 
1.208 6.675 6.376 5.816 2.167 
1.838 6.449 5.716 5.194 1.665 
1.447 7.640 8.046 8.274 2.003 
1.368 7.964 8.356 8.631 2.123 
2.065 7.594 7.484 6.738 2.281 
1.599 7.309 7.725 6.660 1.868 
1.362 6.180 7.205 6.301 2.314 
1.911 7.879 7.949 7.288 3.099 
3.767 6.862 7.415 6.471 2.435 
3.300 6.139 7.210 5.766 1.728 
3.619 6.063 7.890 6.735 2.558 
3.557 6.691 7.553 6.996 2.224 
2.945 8.113 8.862 8.156 2.962 
2.896 8.205 8.459 7.726 2.491 
1.585 5.968 7.915 8.364 2.812 
2.381 7.298 7.518 8.945 2.348 
2.475 7.120 7.020 8.137 2.582 
1.829 6.452 7.499 9.057 3.724 
2.162 5.925 8.824 9.063 3.269 
1.614 7.158 5.787 5.944 2.085 
1.825 6.349 7.584 6.878 2.338 
2.270 6.196 7.407 7.178 2.267 
1.712 7.939 9.026 8.485 1.727 
1.274 8.199 8.066 8.145 2.306 
1.540 7.337 8.672 8.457 2.703 
1.734 6.965 8.666 8.055 2.041 
1.659 6.283 7.961 6.677 2.231 
3.092 7.151 8.289 7.224 2.593 
2.310 6.383 8.679 7.604 2.468 
3.465 6.692 7.836 8.248 2.471 
3.224 6.187 7.856 8.290 2.886 
2.884 6.027 7.527 7.538 3.265 
2.679 7.179 7.781 7.535 2.947 
1.733 7.196 7.761 7.240 2.720 
2.229 7.199 8.025 8.208 1.921 
3.031 7.179 7.427 8.576 2.609 
2.268 6.578 7.397 8.019 2.963 
1.638 6.913 8.325 8.502 2.973 
2.533 8.062 6.629 8.133 2.292 
1.689 5.580 6.332 5.410 2.004 
1.276 7.093 7.262 5.838 1.490 
1.346 8.247 7.720 6.947 2.073 
1.602 7.244 6.917 7.149 2.353 
1.908 7.071 7.867 7.700 2.065 
1.270 6.315 7.998 6.941 2.169 
1.793 6.465 8.064 6.632 2.613 
2.264 6.664 8.491 7.516 2.459 
3.616 7.431 8.856 7.800 2.797 
2.891 6.157 8.427 8.329 2.782 
2.247 5.421 8.086 7.121 2.585 
2.335 6.242 8.072 8.159 3.024 
1.870 7.603 7.912 8.869 3.485 
2.301 7.172 8.036 6.975 2.012 
2.483 6.287 6.639 7.548 2.657 
1.864 5.658 6.741 7.024 2.300 
1.510 7.438 8.128 8.454 2.639 
2.228 7.757 8.233 8.252 1.778 
1.370 6.358 6.980 5.644 1.078 
1.678 6.306 5.464 4.934 1.651 
1.407 7.892 7.608 6.118 1.724 
1.474 8.314 6.608 6.298 1.676 
1.676 7.691 7.454 7.736 2.166 
1.593 6.951 8.600 7.723 2.063 
1.989 6.864 7.027 6.347 2.536 
2.649 8.266 7.762 6.965 2.966 
2.216 7.506 8.519 8.235 3.094 
3.394 7.577 7.672 7.131 2.398 
2.226 5.946 8.112 7.840 2.861 
2.401 6.664 7.113 7.605 2.721 
1.791 7.175 7.585 7.505 2.547 
2.454 6.713 7.639 7.337 2.978 
3.460 5.022 7.283 7.637 2.180 
2.645 6.740 7.812 7.459 2.075 
1.579 6.484 6.624 7.057 2.100 
1.943 6.144 6.006 5.582 2.104 
2.026 7.279 7.140 5.268 2.281 
1.821 6.713 6.808 5.549 1.271 
1.759 9.073 7.235 6.519 1.359 
1.430 7.570 7.158 7.165 1.863 
1.538 8.328 7.856 7.977 2.168 
1.522 7.362 8.003 6.910 2.272 
1.831 7.035 7.689 7.708 3.918 
1.911 7.034 8.384 8.022 3.742 
3.297 6.533 7.556 7.443 2.591 
3.658 5.459 8.365 7.679 2.665 
1.873 6.434 7.010 7.422 2.609 
2.107 6.444 7.389 7.646 2.922 
2.555 8.170 7.659 7.293 3.344 
2.688 6.723 6.961 6.624 2.533 
2.147 5.442 6.107 6.749 2.366 
1.688 6.113 6.682 6.995 2.514 
2.082 5.969 5.473 4.523 1.865 
1.768 6.055 6.030 5.452 2.387 
1.152 6.681 7.424 6.921 1.402 
1.757 6.784 5.532 4.814 1.409 
1.496 7.801 7.146 5.730 1.676 
1.349 7.082 6.940 6.688 2.464 
1.795 7.144 6.666 6.028 2.125 
3.845 3.629 5.143 5.810 3.029 
2.564 3.041 4.040 5.590 2.921 
3.047 5.018 5.671 6.968 3.438 
2.424 5.346 6.923 6.171 2.553 
1.991 4.924 7.134 6.832 2.765 
1.581 4.817 4.683 6.426 2.644 
2.331 4.839 3.354 5.938 3.036 
2.314 7.415 6.611 6.683 2.905 
2.144 7.182 7.021 7.001 3.272 
2.503 5.816 7.029 6.445 2.425 
2.613 5.159 6.488 6.008 2.332 
1.818 5.771 7.190 5.760 2.185 
1.550 5.865 8.185 8.290 2.177 
1.445 5.676 8.542 7.864 1.864 
1.062 6.918 7.562 4.509 1.235 
1.824 5.956 6.464 4.951 1.420 
1.801 6.249 6.723 7.157 1.944 
1.687 6.530 5.215 5.605 2.416 
2.101 3.478 4.327 5.982 2.409 
3.181 2.581 4.685 6.310 2.786 
2.524 4.468 4.830 4.748 2.665 
3.104 5.322 7.160 5.895 2.614 
3.416 4.989 5.307 5.054 2.540 
3.198 4.846 4.617 5.863 2.458 
1.930 6.248 6.692 7.003 2.465 
2.063 6.476 6.614 6.419 3.177 
1.353 5.646 6.575 6.247 2.718 
1.791 5.643 6.012 5.054 2.812 
3.691 7.081 8.386 6.884 1.757 
1.684 5.685 8.237 7.559 2.463 
1.406 6.030 9.484 9.387 3.252 
2.255 7.306 7.874 7.454 1.842 
1.824 7.791 6.287 4.853 1.193 
2.862 6.006 3.466 3.514 1.749 
1.828 4.943 3.778 5.382 2.397 
2.138 3.599 3.986 4.681 2.317 
3.900 2.894 4.329 5.309 2.395 
3.319 4.085 4.207 4.885 2.510 
3.210 6.339 7.097 5.986 2.295 
3.831 7.158 8.371 7.241 3.031 
2.748 6.522 8.022 7.050 2.683 
1.957 5.427 7.254 6.917 2.140 
1.764 5.738 7.586 6.258 2.436 
3.307 7.001 6.593 5.637 2.470 
3.242 6.409 7.756 6.534 2.941 
2.439 6.213 7.719 6.418 2.289 
2.085 6.725 7.595 6.478 2.025 
2.692 7.804 7.007 6.220 1.447 
2.065 7.536 7.994 6.445 1.548 
1.575 8.007 8.127 7.286 2.258 
2.589 4.348 2.297 2.625 1.958 
1.623 4.884 5.812 6.746 2.342 
2.516 4.260 5.252 5.253 2.219 
2.497 5.031 5.635 5.967 2.025 
1.404 5.928 6.949 6.475 1.774 
1.831 6.035 7.885 6.622 2.673 
2.013 5.874 10.199 8.263 4.391 
2.502 6.987 8.008 6.830 3.526 
2.595 7.001 8.698 7.372 2.253 
2.257 5.919 8.017 8.076 2.301 
2.441 5.555 6.862 6.496 2.320 
3.103 6.506 7.527 6.608 3.287 
1.447 6.732 7.840 7.017 3.320 
1.805 6.475 7.811 7.088 2.909 
1.970 6.897 9.036 7.186 1.610 
1.769 7.264 8.397 7.468 1.592 
2.172 6.332 6.193 7.178 2.062 
1.535 6.363 7.900 7.129 2.388 
1.931 4.349 5.587 4.664 1.770 
2.304 4.294 5.049 5.603 2.186 
2.812 5.699 4.498 5.002 1.575 
1.673 7.315 7.476 7.359 2.086 
1.487 7.202 7.486 6.842 2.127 
2.285 6.355 7.971 6.529 2.629 
2.908 8.655 7.009 7.675 2.152 
2.546 7.287 6.552 6.751 2.261 
2.068 5.915 6.745 6.818 1.721 
2.332 4.754 7.738 7.240 2.325 
3.190 6.964 7.518 7.340 3.298 
1.612 7.899 8.371 7.528 3.337 
1.785 6.263 7.845 6.083 2.464 
1.519 5.644 7.912 6.872 2.851 
1.786 6.157 8.413 7.425 3.044 
2.440 8.566 8.200 7.223 1.872 
2.234 7.941 8.449 8.040 1.746 
2.155 7.602 9.103 8.456 1.969 
1.943 7.238 6.403 4.834 3.145 
0.713 6.456 7.769 7.315 3.020 
1.696 5.796 7.492 6.782 2.317 
1.757 6.467 7.959 7.395 2.128 
2.189 5.375 5.778 4.949 1.680 
2.431 4.696 3.764 5.214 1.754 
3.115 5.645 3.349 4.444 1.435 
2.286 7.156 7.486 5.759 1.810 
1.719 6.750 8.463 7.129 2.242 
2.049 6.260 7.621 6.641 2.238 
3.369 7.016 7.925 8.102 2.044 
2.380 7.650 7.795 7.130 2.208 
2.021 6.480 6.732 6.186 1.812 
3.716 6.759 7.098 7.314 2.468 
2.651 6.375 7.536 7.068 2.407 
1.826 7.460 8.241 7.055 2.555 
2.246 6.930 7.217 6.831 2.953 
1.766 6.230 8.504 7.518 3.154 
2.373 6.237 8.120 7.872 3.074 
2.095 7.113 8.165 7.788 2.543 
2.790 7.882 7.927 7.218 1.823 
2.443 7.975 8.114 7.586 2.082 
2.378 7.553 4.677 5.802 2.479 
1.579 6.315 7.212 7.779 3.571 
1.181 6.261 8.819 6.907 2.601 
1.728 6.195 8.054 6.836 2.472 
2.072 5.811 6.916 7.292 1.967 
2.001 6.282 7.388 7.377 2.175 
2.865 6.218 3.591 4.411 2.370 
1.930 5.834 6.065 5.466 1.516 
1.648 5.589 7.026 6.542 2.335 
2.038 6.901 6.050 5.661 1.708 
1.901 6.270 6.256 6.043 2.127 
2.176 6.276 7.008 6.606 2.107 
1.943 7.309 7.475 7.250 2.438 
1.798 5.568 4.611 5.136 2.103 
2.802 6.411 8.057 8.667 2.741 
2.920 7.152 7.599 7.099 2.724 
2.216 7.775 8.526 7.641 2.597 
1.754 6.939 7.430 6.835 2.837 
2.093 6.400 7.675 7.424 2.903 
2.514 7.151 8.082 7.166 2.429 
1.659 7.309 6.330 6.379 2.089 
1.873 7.493 7.559 6.961 1.623 
1.839 8.189 8.247 7.454 1.613 
3.924 8.540 6.456 4.974 2.148 
2.707 7.172 4.546 5.009 1.985 
1.670 7.098 4.685 6.308 2.108 
1.723 7.404 6.760 6.997 2.651 
2.248 6.309 8.285 7.688 3.038 
2.423 6.219 7.813 7.169 2.583 
1.955 6.210 7.614 6.751 2.505 
1.960 8.075 6.773 5.954 1.972 
2.497 6.947 7.183 6.633 2.291 
1.951 6.385 5.174 5.036 1.921 
2.342 4.015 4.597 4.836 3.190 
1.976 7.989 6.188 5.502 1.849 
1.805 7.543 6.025 5.496 1.823 
1.530 6.534 7.064 5.848 2.117 
4.086 6.392 3.838 3.666 1.991 
1.602 5.449 5.556 5.357 2.085 
2.860 6.414 6.116 7.610 2.475 
3.185 7.249 8.224 8.090 2.377 
3.580 7.504 8.183 7.569 2.067 
2.847 6.773 8.174 7.605 2.667 
2.439 7.080 8.194 7.578 3.217 
2.163 7.613 8.603 7.531 2.748 
2.379 6.048 8.197 6.506 2.214 
2.163 8.236 7.647 6.705 1.998 
1.635 6.436 7.944 6.573 2.499 
1.168 8.010 8.033 8.623 1.959 
-999.000 -999.000 -999.000 -999.000 -999.000 
3.012 6.566 2.851 4.449 2.080 
2.513 7.405 5.331 6.475 2.298 
1.268 7.350 7.191 7.768 2.694 
1.563 4.956 7.772 7.283 2.562 
1.617 7.034 8.343 6.234 2.711 
1.713 7.965 8.111 7.417 3.582 
2.098 6.577 7.773 8.241 2.765 
1.562 7.923 7.468 4.979 2.195 
1.923 7.590 6.451 5.447 1.925 
1.358 6.124 6.904 5.146 1.605 
1.488 5.436 2.470 4.635 1.446 
1.533 5.997 3.803 5.059 2.031 
1.741 6.215 5.473 6.554 1.812 
1.494 6.030 8.347 9.095 2.418 
2.807 5.715 8.244 7.622 2.284 
3.057 7.062 8.872 8.029 2.319 
1.920 6.315 8.332 6.865 2.407 
2.411 6.042 9.550 8.153 3.018 
2.609 6.655 7.912 7.694 2.285 
2.508 7.536 7.315 6.128 1.978 
1.970 8.622 7.671 6.154 1.663 
1.640 8.693 8.159 6.035 1.744 
2.573 7.400 7.073 8.334 4.604 
1.241 7.383 7.507 8.284 3.279 
2.265 7.177 5.672 5.790 1.956 
1.302 6.894 7.730 7.526 2.397 
1.283 6.590 7.720 7.859 3.256 
0.883 6.055 7.768 7.820 2.672 
1.598 7.123 8.547 8.921 2.720 
1.914 5.553 7.848 8.625 2.527 
0.965 8.225 6.216 5.059 2.539 
1.768 7.425 6.547 5.592 2.251 
1.045 7.576 7.466 6.651 2.204 
0.746 6.772 8.125 7.499 2.720 
2.071 5.214 4.863 5.340 2.268 
1.832 5.548 7.087 7.442 2.751 
2.365 5.494 7.765 7.313 2.560 
2.723 6.899 7.864 7.768 2.088 
4.045 7.088 8.698 8.144 1.517 
2.568 6.187 9.315 7.575 2.132 
1.567 6.823 8.277 6.389 2.222 
2.560 7.058 9.313 8.135 3.041 
3.383 7.949 8.255 8.049 2.158 
2.840 7.850 8.484 8.323 2.342 
2.768 8.143 8.422 7.509 2.272 
3.404 8.809 8.208 6.577 1.614 
1.768 7.995 8.054 6.485 1.383 
2.077 7.311 6.327 7.132 2.362 
1.763 7.430 6.653 6.833 2.083 
1.808 6.147 7.385 7.392 2.811 
1.290 7.461 7.870 8.373 3.077 
1.546 6.937 8.028 8.252 3.303 
1.664 8.512 7.615 8.348 2.954 
1.748 7.485 6.881 7.117 2.603 
0.994 6.222 6.803 5.866 2.271 
1.148 7.678 7.324 5.771 2.479 
1.515 7.192 6.973 6.229 2.166 
1.371 7.376 7.351 6.686 2.960 
1.444 6.251 7.056 5.986 2.411 
2.446 5.728 7.986 7.928 2.341 
2.043 6.876 8.126 7.160 1.813 
3.551 7.022 7.391 7.430 1.851 
4.534 8.436 7.131 7.066 1.612 
3.426 7.137 8.078 7.272 2.195 
1.696 6.586 7.910 7.257 2.111 
1.408 7.377 9.120 8.083 2.078 
2.612 7.657 7.841 7.128 2.440 
2.344 7.413 8.339 7.655 2.706 
2.492 7.289 8.149 7.829 2.350 
3.126 9.564 8.111 7.690 1.707 
2.066 7.833 8.943 7.158 1.836 
2.493 5.406 4.178 4.874 2.128 
2.162 6.301 5.860 7.896 2.849 
1.733 7.417 7.582 9.018 3.183 
1.893 7.415 6.942 6.984 3.002 
1.193 6.496 8.968 9.261 3.982 
1.793 7.607 7.772 7.133 2.800 
1.079 7.253 7.415 6.890 1.951 
1.252 7.345 6.665 6.070 1.961 
1.212 7.230 6.702 6.013 2.201 
2.266 7.376 6.738 5.958 2.441 
1.513 7.182 6.856 5.379 1.902 
1.306 5.652 7.646 6.500 2.346 
2.024 6.815 9.100 8.377 2.017 
2.895 8.310 8.557 8.105 1.424 
3.112 7.295 7.377 6.709 1.598 
3.482 8.183 7.187 6.942 2.079 
4.039 6.996 7.887 7.814 2.263 
2.375 5.667 9.222 8.155 2.105 
1.599 7.184 9.310 8.031 2.060 
2.752 7.365 7.492 5.640 1.738 
2.787 6.646 7.597 7.639 2.779 
2.162 5.619 8.601 8.303 2.756 
2.806 8.021 8.203 7.657 1.929 
3.411 8.090 7.833 7.088 1.883 
4.018 7.844 6.256 5.810 1.697 
2.412 7.518 6.803 8.422 4.002 
1.539 7.593 6.975 8.642 4.133 
2.362 7.233 7.946 8.005 3.768 
1.713 5.844 7.018 7.044 2.878 
1.540 6.198 6.677 6.387 2.043 
1.674 7.296 7.770 6.776 1.928 
1.335 7.430 7.415 6.924 1.536 
1.264 7.473 6.413 4.803 1.770 
1.307 8.173 5.766 5.072 1.799 
1.348 8.055 5.041 5.386 2.004 
2.137 7.738 7.682 6.556 2.800 
1.920 7.296 9.386 7.946 2.564 
2.294 6.578 8.609 7.237 2.087 
2.651 6.906 9.277 7.280 1.422 
2.419 5.854 9.151 6.603 1.011 
2.820 5.877 8.945 7.656 2.127 
1.241 4.205 8.392 7.991 2.379 
2.027 5.173 5.488 4.539 1.698 
2.562 7.368 7.998 6.144 2.138 
2.005 7.231 8.682 7.733 2.038 
2.481 6.498 6.378 6.244 2.015 
1.672 6.406 7.498 7.443 2.715 
1.566 5.980 6.421 7.314 2.907 
4.033 7.523 8.233 7.141 2.227 
3.056 7.945 5.187 5.106 1.892 
1.355 5.269 5.259 5.148 2.267 
2.031 8.029 5.939 7.340 4.114 
1.754 9.562 7.668 6.962 2.792 
1.626 6.154 7.786 7.229 2.929 
1.381 7.144 7.611 6.872 2.762 
1.672 8.304 7.414 6.314 2.337 
2.102 7.705 6.973 6.654 1.637 
1.168 7.310 7.165 6.545 1.687 
1.346 6.727 5.146 4.933 1.955 
1.465 7.035 5.040 5.127 2.256 
1.184 7.874 5.589 5.335 2.738 
1.572 9.060 8.718 7.331 2.219 
1.794 7.491 8.579 7.561 2.658 
1.853 6.294 8.402 6.930 0.994 
3.623 7.172 9.000 8.249 0.882 
3.727 6.124 8.698 7.747 1.338 
3.468 6.226 8.504 6.720 2.547 
1.665 5.089 6.518 5.620 1.925 
1.889 5.683 7.209 7.040 2.598 
2.182 6.906 7.112 7.540 2.108 
1.631 7.009 7.300 7.589 2.444 
3.232 8.248 6.713 5.982 1.961 
1.277 5.966 5.579 5.996 3.107 
1.897 6.243 6.570 6.122 2.741 
1.631 5.675 8.348 6.262 2.831 
2.293 6.098 5.750 5.203 2.765 
-999.000 -999.000 -999.000 -999.000 -999.000 
2.353 7.548 7.055 7.762 5.073 
2.234 7.350 7.642 7.714 3.198 
1.638 7.188 7.686 6.432 2.534 
1.125 7.872 7.152 6.610 2.307 
1.513 6.204 7.016 6.799 2.327 
0.955 6.468 7.184 6.308 2.148 
0.653 6.315 6.841 6.113 2.563 
1.530 9.132 7.250 6.512 1.980 
1.978 9.203 7.414 6.107 1.834 
1.722 7.495 8.830 7.293 2.224 
1.678 6.845 6.868 6.578 1.521 
1.707 8.213 8.764 7.301 0.968 
2.692 7.750 8.407 6.086 1.158 
3.790 7.726 7.890 6.558 1.240 
2.848 5.774 7.085 6.611 2.127 
2.139 4.294 6.809 7.210 1.601 
1.763 5.147 7.536 7.403 2.192 
2.338 7.300 7.144 7.748 1.995 
2.360 7.050 6.707 7.166 2.112 
1.982 6.957 5.662 4.736 1.909 
1.376 5.647 5.256 5.077 2.426 
1.373 6.022 4.383 3.635 2.039 
2.844 7.764 8.408 5.512 3.262 
4.705 8.919 7.523 5.951 3.038 
3.790 7.733 7.181 6.207 2.595 
2.019 7.735 6.979 7.645 3.252 
2.269 7.456 7.031 6.761 2.498 
1.951 6.287 8.100 5.827 2.632 
1.740 6.708 7.936 5.441 2.288 
1.866 6.874 7.121 4.857 1.925 
1.720 5.824 5.656 4.856 1.826 
1.192 6.960 5.201 5.468 1.989 
0.884 7.371 5.751 6.131 1.237 
1.902 7.587 7.648 7.282 1.219 
1.904 6.884 6.907 5.965 1.164 
1.655 7.405 7.345 6.780 1.411 
2.348 8.297 8.272 7.335 0.771 
2.408 6.819 8.003 6.911 1.291 
3.121 7.642 7.547 6.721 1.540 
3.863 6.102 7.308 7.005 1.857 
2.208 5.038 6.659 6.895 1.903 
2.369 7.649 7.160 7.299 1.715 
2.427 6.848 6.718 6.435 2.216 
2.203 7.006 6.839 7.136 2.197 
2.044 6.715 6.929 6.690 2.061 
1.848 5.406 6.270 5.191 2.595 
3.183 5.960 8.050 6.375 2.480 
2.926 7.393 8.729 6.311 2.936 
3.555 8.634 8.353 7.635 2.847 
4.200 8.691 7.481 6.249 1.923 
2.896 8.019 3.960 2.703 1.664 
1.685 7.444 7.794 3.997 3.122 
2.375 6.879 6.896 5.500 2.352 
1.636 6.417 8.609 4.715 2.270 
0.679 6.492 5.722 6.056 2.034 
0.314 7.352 5.124 5.325 1.080 
1.034 6.917 7.336 7.099 1.148 
2.491 7.522 6.464 6.737 1.186 
2.163 6.570 6.808 5.799 1.281 
2.339 6.613 8.068 7.677 1.152 
1.760 6.850 8.358 8.027 1.169 
2.138 6.242 6.390 5.727 1.636 
3.171 7.153 7.337 6.729 2.194 
2.487 6.177 8.169 6.267 1.834 
2.124 6.094 7.687 7.665 2.080 
2.529 6.942 7.894 8.160 1.869 
1.846 5.714 6.479 5.899 1.895 
1.863 6.191 8.594 7.786 2.597 
2.238 6.457 8.956 7.523 2.012 
4.101 5.001 8.968 6.581 0.793 
2.543 5.507 8.000 6.425 1.695 
4.117 8.207 7.071 6.446 1.266 
4.275 8.364 7.146 5.786 1.025 
3.793 7.939 7.512 5.541 0.989 
2.914 7.233 6.411 3.802 3.038 
2.571 5.352 7.463 5.989 3.102 
3.156 3.065 8.844 2.511 1.457 
1.072 7.228 6.575 6.516 1.543 
0.677 6.192 7.160 7.428 2.207 
1.672 6.473 7.614 6.487 1.807 
2.263 7.326 7.468 7.080 1.772 
1.634 6.287 8.054 6.918 1.209 
1.613 6.780 8.336 8.332 2.059 
1.849 5.887 7.710 7.154 1.859 
2.397 5.980 8.438 7.448 2.287 
2.222 6.022 7.114 5.676 1.231 
1.871 6.176 7.769 6.635 1.346 
2.634 6.578 7.952 7.371 1.833 
2.579 5.885 7.911 7.304 2.371 
1.752 6.671 9.086 9.184 2.910 
1.399 6.929 7.917 8.176 2.266 
2.114 4.802 8.522 7.555 2.258 
2.058 5.400 9.191 7.555 2.645 
2.716 6.594 8.419 7.494 1.271 
3.099 7.267 6.470 5.790 0.964 
4.443 7.286 6.995 5.934 1.039 
4.204 6.663 4.806 3.602 0.869 
1.501 6.460 3.276 4.490 1.012 
1.915 7.316 7.519 6.406 1.954 
0.774 7.254 7.821 7.626 1.899 
1.547 6.288 5.968 5.696 1.659 
1.501 6.674 6.609 6.892 2.294 
1.933 6.705 5.987 5.405 1.711 
1.864 6.938 7.358 6.248 1.035 
0.980 6.952 9.726 8.995 0.674 
1.585 6.322 7.422 6.614 1.534 
2.238 7.218 5.684 5.153 1.835 
2.416 7.220 6.483 5.812 1.609 
2.526 6.784 6.461 7.283 1.961 
2.019 6.477 7.555 8.821 2.205 
1.912 6.235 7.958 8.389 2.683 
1.909 8.157 7.555 8.356 1.940 
1.816 7.354 8.016 7.840 2.883 
2.523 6.160 9.337 8.061 2.719 
2.640 7.075 7.701 7.031 2.086 
3.407 6.436 6.668 6.200 1.110 
4.269 7.611 6.413 5.690 1.189 
2.893 8.418 7.283 6.205 1.757 
-999.000 -999.000 -999.000 -999.000 -999.000 
2.075 5.732 3.866 3.565 0.966 
2.662 5.936 3.176 3.232 0.598 
1.334 6.288 7.087 5.545 0.876 
1.601 7.803 8.495 6.874 2.154 
1.796 8.656 7.162 6.468 1.535 
1.484 7.372 7.657 6.476 1.934 
1.110 4.540 4.760 2.923 1.118 
1.470 8.538 6.046 5.805 0.660 
2.065 7.922 7.596 7.206 1.086 
2.345 6.993 8.037 7.719 2.336 
2.803 7.387 8.835 6.962 1.564 
2.408 7.714 7.070 6.413 1.423 
2.358 6.633 6.642 5.618 1.289 
1.730 6.069 6.903 7.240 2.447 
2.138 5.301 7.908 9.320 2.399 
1.820 6.654 7.197 7.355 2.214 
1.732 6.792 8.846 8.100 2.392 
2.905 6.342 7.842 7.143 2.198 
2.444 7.722 7.137 7.199 1.651 
3.049 6.560 7.611 6.761 1.560 
3.611 8.775 7.173 7.159 1.976 
3.647 8.296 7.495 7.119 2.296 
5.217 8.362 7.269 6.635 0.883 
1.592 7.977 3.887 4.641 2.167 
2.105 4.929 3.155 4.320 1.045 
1.825 6.445 5.418 4.907 0.931 
1.444 8.035 8.283 7.257 1.031 
2.174 8.214 7.251 6.490 1.749 
2.023 6.989 6.505 6.398 1.744 
1.568 3.893 5.850 5.363 1.847 
3.198 7.512 8.971 7.304 1.033 
3.007 7.319 9.235 9.106 1.614 
1.864 6.275 9.492 9.295 1.882 
1.248 7.050 7.742 7.490 1.676 
2.104 7.464 6.833 7.542 1.559 
1.772 6.992 7.449 8.230 1.973 
2.027 6.596 8.741 9.856 2.441 
2.237 6.142 8.874 8.897 2.657 
1.757 6.835 9.288 8.422 2.293 
2.304 6.331 8.645 8.200 2.807 
2.355 5.241 7.928 7.866 2.580 
1.632 5.730 7.667 8.357 2.663 
2.890 6.257 8.832 9.289 2.909 
2.721 6.636 5.176 6.597 1.830 
1.592 4.002 2.025 4.329 2.757 
2.199 5.770 6.777 5.520 1.096 
1.223 5.558 6.853 5.213 0.865 
2.016 7.306 6.229 5.769 2.003 
1.793 7.310 5.767 5.738 1.862 
1.134 4.641 4.510 4.139 2.015 
2.027 6.067 5.919 5.924 1.219 
1.719 7.819 7.930 6.610 1.303 
1.826 7.409 8.590 8.176 1.546 
2.587 7.028 9.496 9.606 1.391 
1.768 7.018 8.732 9.110 2.114 
1.591 6.413 8.715 8.477 2.528 
2.279 7.310 7.658 7.869 2.198 
1.811 7.604 8.072 7.799 2.155 
3.009 7.358 8.713 8.496 2.852 
2.673 6.923 8.330 8.679 2.880 
1.976 7.539 10.135 9.622 3.252 
2.180 8.333 8.450 7.388 3.156 
2.695 3.031 3.285 3.820 1.362 
1.679 4.226 4.790 5.645 1.729 
2.127 3.635 5.945 7.483 2.927 
1.876 5.150 4.035 5.482 2.363 
2.226 3.812 2.765 4.919 2.674 
2.102 3.184 3.016 5.084 2.557 
2.288 6.181 7.309 5.924 0.670 
2.365 7.036 2.960 2.654 0.655 
1.752 6.429 5.816 3.921 1.007 
1.423 7.479 7.467 7.936 1.797 
1.422 7.218 7.347 7.318 1.802 
1.311 7.851 8.798 9.021 2.082 
1.536 8.773 9.100 8.904 2.646 
2.964 8.326 8.685 9.014 1.736 
1.595 6.705 9.111 9.295 2.189 
1.411 6.409 8.873 9.102 2.760 
1.201 7.722 7.360 7.736 1.469 
2.621 7.731 8.445 7.574 1.895 
2.318 7.296 8.758 7.922 2.315 
3.340 7.283 8.436 8.321 2.339 
2.966 7.007 8.412 8.274 2.211 
1.596 6.694 7.681 6.842 2.046 
2.801 1.881 2.423 2.927 1.470 
2.146 2.458 2.985 4.493 2.274 
2.751 2.979 4.453 5.414 2.509 
2.956 3.648 4.035 3.986 2.365 
2.595 4.725 4.373 6.602 2.736 
3.009 3.812 5.009 7.222 4.302 
3.783 4.038 2.493 4.110 2.660 
1.928 8.701 3.878 4.352 1.209 
2.081 7.900 8.280 8.393 1.038 
1.435 8.621 9.141 9.157 0.962 
1.795 6.815 6.366 5.615 2.131 
2.327 7.274 8.616 7.319 2.629 
2.585 8.692 8.905 8.602 2.114 
1.664 7.491 7.369 7.135 1.546 
1.718 7.824 8.575 7.757 0.974 
1.858 6.476 8.703 8.179 1.249 
1.297 8.278 9.065 8.528 1.778 
2.534 7.669 8.341 8.090 1.697 
2.328 5.293 6.768 6.061 2.041 
3.439 3.783 3.423 4.009 1.694 
3.675 3.812 3.990 3.990 1.663 
3.446 3.035 2.537 2.972 1.136 
3.256 2.457 2.939 2.636 1.468 
2.189 3.329 6.433 5.044 2.445 
3.076 3.552 6.399 5.936 2.602 
2.906 4.113 4.006 5.759 2.825 
3.145 4.285 5.429 7.025 4.350 
2.995 4.247 4.746 6.098 4.844 
1.341 6.496 5.739 5.240 0.941 
1.525 5.181 5.809 5.073 0.947 
1.479 7.085 9.780 8.649 1.003 
1.270 8.082 8.477 8.289 0.828 
1.984 6.985 8.218 6.874 1.956 
2.004 6.349 7.211 8.207 2.217 
1.877 4.663 6.600 5.967 1.420 
1.618 5.151 7.771 7.350 0.958 
1.602 5.047 7.297 6.798 1.050 
2.466 7.241 10.026 8.728 1.328 
3.032 9.079 9.691 8.972 1.409 
3.713 5.139 4.751 4.542 1.473 
3.265 2.683 2.202 3.099 1.462 
2.765 2.986 3.101 4.047 2.260 
3.186 2.690 3.127 3.146 1.202 
2.458 3.578 3.256 3.668 1.522 
2.375 2.943 4.630 4.445 1.886 
2.520 4.072 6.263 5.474 1.772 
2.957 3.412 5.803 5.774 2.442 
2.323 4.213 4.024 4.765 2.748 
3.446 5.905 3.690 2.353 1.628 
1.762 6.639 6.901 6.859 1.652 
2.158 6.360 6.441 5.890 1.353 
2.010 8.059 9.168 8.142 0.873 
1.211 6.769 8.246 9.381 0.771 
2.166 6.449 6.884 5.315 1.273 
2.114 6.135 6.937 4.691 1.438 
1.357 5.363 6.711 4.429 1.522 
1.620 4.952 7.524 6.889 0.805 
2.176 5.643 8.801 8.118 0.943 
2.579 6.722 8.738 8.528 1.492 
3.301 8.965 9.284 8.427 1.847 
2.532 7.889 8.707 7.389 1.685 
4.194 3.663 2.632 3.094 1.178 
2.828 4.859 6.385 6.686 1.763 
3.793 3.369 4.205 4.422 1.671 
2.690 3.108 3.719 4.424 2.381 
2.288 3.505 4.160 5.231 2.774 
1.932 3.737 5.122 4.533 1.701 
2.331 3.691 5.582 5.405 1.765 
2.253 3.434 5.016 4.547 2.126 
2.264 4.148 3.619 2.928 1.906 
1.011 2.781 3.942 4.673 3.160 
1.001 7.022 6.794 6.344 2.011 
1.952 6.096 7.575 6.481 1.207 
1.290 6.777 6.991 7.532 0.875 
0.855 6.541 6.535 7.237 0.820 
2.273 6.471 6.760 5.278 1.420 
1.874 6.198 6.877 2.800 0.748 
1.583 4.969 8.134 5.741 0.778 
2.190 6.610 8.439 7.398 0.756 
1.615 5.873 9.208 8.570 1.600 
1.667 7.164 9.056 8.450 1.204 
2.785 6.995 7.857 7.533 1.249 
3.763 5.442 7.449 6.018 1.625 
5.056 2.745 3.517 4.817 1.797 
4.778 2.660 3.325 5.116 2.685 
2.792 3.443 3.110 4.300 2.753 
2.103 3.773 3.925 5.964 3.144 
2.186 3.585 3.783 4.351 2.267 
2.348 3.353 5.376 4.791 1.677 
2.669 3.562 6.721 5.824 2.044 
2.083 2.761 4.049 4.409 2.510 
3.364 3.008 7.310 6.232 3.012 
3.003 4.986 6.208 5.390 1.448 
1.132 7.234 8.026 7.465 2.390 
1.224 5.275 9.094 6.597 1.171 
1.787 6.325 4.346 5.085 0.775 
1.153 6.240 5.159 6.511 0.807 
2.108 6.283 4.530 2.941 0.659 
-999.000 -999.000 -999.000 -999.000 -999.000 
1.175 4.947 8.693 8.079 0.850 
2.110 6.494 8.492 7.100 1.496 
1.850 7.378 9.329 8.869 1.241 
1.804 6.785 8.131 7.187 1.112 
2.774 7.767 8.949 8.679 1.323 
2.805 7.989 8.335 7.911 1.266 
3.475 3.513 3.643 4.261 1.990 
3.146 2.952 4.605 5.862 2.626 
3.753 2.703 3.682 4.747 3.241 
2.971 3.441 3.579 5.233 3.999 
2.093 3.728 3.861 6.009 4.017 
1.747 4.083 5.832 4.664 1.945 
2.445 3.378 6.094 5.906 2.139 
2.520 3.685 4.448 6.110 2.293 
2.513 4.606 4.627 4.838 1.812 
2.033 3.501 3.293 4.986 3.639 
-999.000 -999.000 -999.000 -999.000 -999.000 
4.552 6.186 8.558 6.113 0.738 
2.027 5.815 8.027 6.929 1.923 
0.917 6.456 8.168 8.318 1.326 
1.315 6.534 6.329 4.167 1.001 
2.162 7.324 7.503 7.314 0.969 
1.664 6.629 8.618 7.345 1.245 
2.578 7.709 7.862 6.188 0.809 
1.374 6.489 9.992 8.766 2.057 
1.367 6.410 9.388 8.957 1.993 
1.863 7.303 8.147 7.858 1.557 
4.228 6.441 6.715 6.272 1.496 
5.642 2.833 3.941 4.877 2.718 
4.630 3.038 2.718 4.270 3.145 
2.610 3.576 3.596 4.179 2.870 
1.923 3.741 4.884 5.976 3.043 
1.724 3.459 4.778 5.087 2.510 
1.738 4.109 6.271 6.157 2.423 
3.474 3.148 2.622 4.770 2.358 
2.034 3.116 3.080 4.425 1.471 
2.104 2.788 2.459 4.572 3.606 
-999.000 -999.000 -999.000 -999.000 -999.000 
1.916 7.241 6.978 5.284 1.078 
2.511 6.562 7.788 6.552 1.327 
1.254 6.336 8.469 8.836 1.698 
1.017 6.057 6.921 6.181 1.647 
1.150 7.437 7.888 8.057 1.850 
1.645 9.081 8.743 7.614 1.346 
1.530 8.587 8.412 7.236 1.195 
1.875 7.822 8.866 8.133 1.354 
1.752 7.555 8.193 8.273 1.176 
2.242 6.712 7.141 7.285 1.525 
3.573 6.534 8.783 8.035 1.919 
4.438 3.767 4.516 4.823 2.274 
4.292 2.849 2.397 3.438 2.263 
3.311 3.143 3.316 4.044 2.695 
1.922 3.733 4.797 5.399 2.745 
1.403 4.365 3.913 5.411 3.157 
2.014 3.377 2.763 4.165 2.435 
3.560 1.748 2.600 4.876 2.092 
-999.000 -999.000 -999.000 -999.000 -999.000 
-999.000 -999.000 -999.000 -999.000 -999.000 
-999.000 -999.000 -999.000 -999.000 -999.000 
-999.000 -999.000 -999.000 -999.000 -999.000 
1.474 6.658 5.009 4.016 1.235 
1.467 7.989 6.698 6.069 1.610 
1.698 8.195 8.977 7.507 1.262 
1.440 6.292 7.168 6.876 1.863 
1.170 8.103 7.905 6.811 1.934 
2.092 7.464 9.231 6.875 1.200 
1.466 8.170 8.085 7.525 1.218 
2.204 7.549 7.851 7.616 1.154 
2.144 8.458 8.260 8.107 1.101 
2.473 7.131 6.983 7.025 1.314 
2.565 7.350 7.881 7.420 1.631 
3.142 7.002 7.182 6.911 1.528 
2.058 4.877 3.872 4.720 1.801 
2.358 6.650 5.077 5.746 1.780 
1.804 4.346 4.131 5.078 2.524 
2.014 3.706 2.721 5.063 2.647 
1.575 2.851 2.471 5.442 2.766 
-999.000 -999.000 -999.000 -999.000 -999.000 
-999.000 -999.000 -999.000 -999.000 -999.000 
-999.000 -999.000 -999.000 -999.000 -999.000 
-999.000 -999.000 -999.000 -999.000 -999.000 
-999.000 -999.000 3.525 -999.000 -999.000 
2.574 7.893 6.774 5.194 2.273 
1.987 6.431 8.074 6.861 2.251 
2.041 6.654 9.144 7.741 2.484 
2.179 7.624 7.151 6.316 1.871 
1.567 7.677 8.120 7.890 2.787 
1.838 8.037 8.206 7.522 2.945 
2.108 7.113 8.744 8.585 2.232 
2.466 8.426 8.177 9.056 2.801 
2.162 6.516 7.307 6.969 2.302 
1.594 6.970 8.597 8.767 2.014 
1.566 7.580 6.435 6.044 2.240 
2.015 7.155 6.301 6.411 2.192 
2.298 7.359 5.791 5.746 2.563 
-999.000 -999.000 -999.000 -999.000 -999.000 
-999.000 -999.000 -999.000 -999.000 -999.000 
-999.000 -999.000 -999.000 -999.000 -999.000 
-999.000 -999.000 -999.000 -999.000 -999.000 
-999.000 -999.000 -999.000 -999.000 -999.000 
-999.000 -999.000 -999.000 -999.000 -999.000 
2.123 3.455 6.035 6.621 3.946 
4.039 4.987 7.650 8.524 4.912 
1.914 6.027 7.093 6.283 3.198 
1.414 6.300 8.558 7.867 3.605 
1.343 7.200 8.055 7.974 3.331 
2.268 9.094 7.165 6.866 2.305 
1.848 8.138 8.292 8.227 2.440 
1.518 7.844 9.124 8.430 3.141 
1.488 7.015 9.211 8.771 3.392 
2.377 7.914 8.852 9.386 3.206 
2.675 6.710 8.837 8.266 2.823 
1.564 6.353 7.659 7.539 2.052 
1.950 6.700 7.616 6.280 2.603 
3.753 7.853 5.743 5.370 1.906 
2.798 6.954 5.212 7.259 3.587 
-999.000 -999.000 -999.000 -999.000 -999.000 
-999.000 -999.000 -999.000 -999.000 -999.000 
-999.000 -999.000 -999.000 -999.000 -999.000 
-999.000 -999.000 -999.000 -999.000 -999.000 
-999.000 -999.000 -999.000 -999.000 -999.000 
-999.000 -999.000 -999.000 -999.000 -999.000 
1.894 4.505 7.082 8.356 5.183 
2.404 4.964 9.293 8.669 6.239 
1.723 5.728 8.916 7.867 3.898 
3.144 5.750 6.874 6.747 3.468 
1.782 6.390 8.004 8.256 3.828 
1.619 7.646 8.590 7.620 3.462 
1.989 7.035 8.456 7.719 2.734 
3.053 6.841 8.294 7.352 2.313 
2.514 7.549 8.391 8.052 2.178 
2.305 6.530 7.468 7.629 2.387 
1.808 6.052 7.401 6.379 1.873 
1.701 6.367 7.378 6.866 1.154 
2.993 6.795 7.313 7.079 2.497 
2.761 6.232 6.958 6.892 3.492 
-999.000 -999.000 -999.000 -999.000 -999.000 
-999.000 -999.000 -999.000 -999.000 -999.000 
-999.000 -999.000 -999.000 -999.000 -999.000 
-999.000 -999.000 -999.000 -999.000 -999.000 
-999.000 -999.000 -999.000 -999.000 -999.000 
-999.000 -999.000 -999.000 -999.000 -999.000 
2.618 4.845 6.760 8.110 6.332 
2.064 4.852 9.053 8.068 4.967 
2.596 6.125 8.682 8.482 3.615 
-999.000 -999.000 -999.000 -999.000 -999.000 
1.687 5.360 7.764 7.805 3.334 
2.208 6.651 8.793 8.381 3.181 
1.579 8.117 6.956 6.516 2.332 
1.848 7.577 8.146 7.572 2.084 
1.833 8.137 7.340 6.819 1.535 
1.760 6.056 6.663 5.838 1.437 
2.720 7.024 8.893 8.156 1.771 
2.247 7.100 7.684 7.627 1.616 
1.880 7.107 8.441 7.496 2.684 
1.903 6.687 7.586 5.362 1.888 
5.507 7.498 6.315 6.656 3.540 
-999.000 -999.000 -999.000 -999.000 -999.000 
-999.000 -999.000 -999.000 -999.000 -999.000 
-999.000 -999.000 -999.000 -999.000 -999.000 
-999.000 -999.000 -999.000 -999.000 -999.000 
-999.000 -999.000 -999.000 -999.000 -999.000 
1.996 7.334 5.806 7.255 3.724 
2.301 7.193 7.799 8.334 4.869 
2.188 5.058 8.085 7.477 3.775 
2.006 5.718 9.725 8.169 5.501 
1.819 4.544 9.346 8.057 7.169 
-999.000 -999.000 -999.000 -999.000 -999.000 
2.812 6.033 6.331 5.623 1.234 
1.076 8.187 7.167 7.229 1.849 
2.009 6.672 5.958 4.879 0.849 
1.973 7.267 7.217 5.881 0.942 
1.600 7.247 6.766 7.245 1.243 
1.262 6.564 8.769 8.386 1.664 
1.986 6.175 7.815 7.819 1.827 
2.199 5.895 9.180 8.440 2.246 
1.950 6.405 8.484 7.373 2.904 
3.236 7.929 9.460 8.564 3.557 
2.656 6.706 7.601 7.676 2.991 
1.223 5.236 7.378 8.215 2.926 
-999.000 -999.000 -999.000 -999.000 -999.000 
-999.000 -999.000 -999.000 -999.000 -999.000 
2.448 4.637 6.042 7.833 4.517 
1.650 6.694 7.540 7.486 4.966 
2.289 6.937 7.696 8.168 4.317 
2.259 5.239 9.306 7.868 3.989 
3.720 4.397 8.439 7.267 4.130 
1.524 5.510 9.010 8.604 4.736 
1.427 7.842 6.843 5.990 1.043 
1.015 7.487 6.964 5.383 2.680 
3.361 6.008 4.771 4.334 2.057 
2.689 6.690 7.294 6.660 1.345 
2.006 7.552 7.659 8.114 2.270 
2.097 7.057 8.954 8.975 1.986 
1.968 5.101 8.009 7.599 0.967 
1.968 4.752 8.028 7.733 1.942 
2.874 7.425 8.458 7.484 3.230 
3.173 7.223 8.931 7.301 2.606 
1.609 5.367 6.600 6.828 2.992 
-999.000 -999.000 -999.000 -999.000 -999.000 
-999.000 -999.000 -999.000 -999.000 -999.000 
1.764 4.947 7.311 6.907 3.229 
2.111 4.193 3.677 2.559 1.801 
2.199 7.180 6.327 6.134 2.962 
2.638 7.165 7.253 7.077 2.978 
2.703 4.293 7.352 7.783 3.675 
1.535 5.261 7.066 7.272 3.420 
2.285 4.779 5.028 5.854 2.192 
2.139 7.116 6.428 8.932 4.116 
2.354 6.131 7.713 7.163 2.020 
1.562 6.854 5.725 5.436 1.733 
1.792 5.607 6.988 6.590 1.586 
1.707 6.003 8.539 7.751 1.487 
1.440 5.104 8.479 8.188 1.736 
1.674 5.830 8.618 7.834 2.200 
2.360 7.304 7.616 6.197 2.372 
1.938 6.451 8.411 6.266 2.786 
1.965 6.775 7.635 8.678 3.574 
1.931 5.849 5.110 6.755 1.930 
-999.000 -999.000 -999.000 -999.000 -999.000 
-999.000 -999.000 -999.000 -999.000 -999.000 
2.241 7.548 4.832 4.972 2.290 
1.575 7.334 5.917 6.414 3.014 
2.250 6.132 6.359 6.442 2.315 
1.733 4.249 5.088 5.638 2.092 
2.652 3.543 5.563 6.257 2.642 
2.584 5.055 3.882 6.598 3.343 
2.187 6.687 5.719 7.209 2.903 
1.861 7.799 7.534 6.665 2.935 
1.524 6.763 8.434 6.465 2.836 
1.621 7.110 7.855 7.404 1.851 
1.767 5.621 6.482 5.795 1.713 
0.881 7.203 7.477 6.777 2.084 
-999.000 -999.000 -999.000 -999.000 -999.000 
1.233 6.763 7.445 7.566 2.946 
1.378 6.645 9.231 8.526 3.061 
-999.000 -999.000 -999.000 -999.000 -999.000 
1.680 7.744 5.735 7.740 4.034 
3.281 7.139 4.976 4.875 2.874 
1.798 7.786 6.385 6.309 2.848 
2.313 7.617 5.615 5.547 2.442 
4.191 5.270 8.385 6.493 1.177 
3.847 5.881 6.266 6.237 1.055 
1.776 7.642 4.827 6.471 2.710 
1.642 7.838 6.756 7.617 3.083 
2.140 6.742 7.851 6.418 2.883 
1.304 5.027 7.912 5.751 1.793 
1.602 7.225 8.133 6.864 2.448 
1.258 6.130 8.144 6.812 2.129 
2.078 5.070 8.067 7.348 2.170 
1.336 6.135 6.447 6.154 1.714 
1.921 8.163 4.869 5.290 1.418 
2.118 6.191 8.036 8.400 2.198 
1.398 5.970 7.577 5.259 2.258 
-999.000 -999.000 -999.000 -999.000 -999.000 
1.695 7.889 6.611 7.617 3.678 
2.340 6.955 4.160 4.578 2.379 
-999.000 -999.000 -999.000 -999.000 -999.000 
2.309 8.542 5.372 5.361 2.511 
2.017 5.421 4.916 4.589 1.287 
2.237 4.747 6.397 5.164 1.305 
2.035 5.140 6.443 4.616 1.207 
2.447 5.889 6.123 4.702 1.232 
-999.000 -999.000 -999.000 -999.000 -999.000 
1.405 6.258 5.004 6.671 2.635 
2.520 6.562 5.583 5.525 1.644 
1.254 6.490 7.817 6.482 1.795 
1.156 6.697 8.473 7.406 2.049 
1.531 6.430 7.712 6.930 2.364 
1.561 4.961 7.618 7.064 2.074 
1.563 5.838 6.681 5.981 1.646 
1.820 7.964 7.693 7.019 1.640 
1.534 7.669 8.158 6.200 1.753 
2.043 6.390 7.144 6.502 1.815 
1.734 7.108 6.601 7.042 3.100 
2.763 5.981 1.640 1.940 1.391 
2.605 4.999 1.545 2.283 1.400 
-999.000 -999.000 -999.000 -999.000 -999.000 
-999.000 -999.000 -999.000 -999.000 -999.000 
2.037 5.194 7.178 7.097 1.063 
1.449 4.600 8.296 7.757 0.866 
1.895 3.830 7.869 6.556 1.023 
3.170 5.452 7.852 6.575 0.951 
0.642 6.230 3.677 5.328 1.812 
2.476 6.944 7.256 7.452 2.662 
1.369 7.661 8.095 7.391 2.042 
1.561 7.247 6.152 6.273 1.836 
1.807 6.776 6.197 5.926 2.005 
1.386 6.254 8.630 7.135 2.100 
1.446 5.033 7.405 6.157 1.965 
1.593 5.968 7.450 6.790 1.972 
1.260 5.926 7.627 6.303 1.706 
1.671 5.698 7.633 6.219 2.702 
1.888 6.940 7.689 7.107 2.184 
2.154 6.488 5.845 5.137 2.452 
3.084 4.754 1.661 2.359 1.327 
3.651 4.424 1.463 1.764 1.249 
2.941 3.187 1.487 1.759 1.394 
2.353 6.248 7.625 7.155 0.825 
1.142 7.295 8.737 8.097 0.974 
1.867 5.179 7.696 7.215 1.059 
3.453 4.618 8.258 7.346 0.980 
2.472 4.225 7.667 7.070 2.523 
1.957 6.794 4.686 5.635 0.820 
1.852 6.005 6.952 5.382 2.549 
1.779 6.532 10.079 9.014 3.496 
1.841 6.752 8.956 8.201 2.495 
1.684 4.861 8.869 8.358 2.013 
1.612 5.280 7.430 6.723 1.884 
1.884 5.501 7.146 6.815 2.060 
1.300 6.104 6.801 5.150 1.992 
1.757 6.937 8.009 6.364 2.246 
1.786 6.922 8.178 7.499 2.683 
1.574 6.872 7.523 6.700 2.220 
2.111 6.748 5.631 4.561 1.925 
1.959 5.134 1.779 2.350 2.026 
3.482 4.056 1.142 1.955 1.627 
3.175 6.194 6.529 5.373 1.243 
1.927 6.901 8.341 7.386 1.433 
2.576 4.292 8.082 8.107 1.614 
1.722 5.106 6.584 6.651 1.706 
1.925 5.492 6.673 6.726 1.739 
-999.000 -999.000 -999.000 -999.000 -999.000 
1.584 5.445 3.874 3.219 1.646 
1.858 5.944 8.887 8.989 3.375 
1.523 7.302 8.606 8.261 2.838 
1.895 6.576 7.864 7.535 2.668 
1.536 6.705 8.626 7.944 2.241 
1.554 5.861 8.514 7.054 2.438 
1.822 5.734 5.994 5.631 1.926 
2.387 6.323 6.326 5.906 1.573 
1.757 6.912 6.576 5.990 1.775 
1.790 6.208 6.660 6.060 2.056 
1.634 6.841 7.440 5.979 2.227 
1.698 6.517 4.986 4.145 1.467 
-999.000 -999.000 -999.000 -999.000 -999.000 
2.940 5.334 6.416 6.133 1.784 
1.544 5.902 7.914 7.667 1.616 
1.615 5.269 7.743 7.999 1.884 
1.460 6.129 7.583 7.456 1.269 
2.263 6.168 7.047 6.701 1.748 
3.460 5.665 5.692 5.006 1.302 
1.572 6.678 6.583 7.496 2.907 
1.634 6.137 6.717 7.507 2.403 
1.660 8.054 7.687 7.688 2.685 
1.301 7.641 7.344 6.838 2.146 
1.678 6.884 7.558 6.211 2.022 
1.986 5.197 3.862 4.140 1.745 
2.293 6.177 7.485 7.577 1.673 
2.207 7.000 9.005 7.379 2.304 
1.987 5.966 6.596 6.432 2.523 
2.312 6.404 4.702 4.617 1.486 
2.628 5.233 4.552 3.455 1.455 
2.232 8.799 3.797 3.710 1.244 
2.829 4.673 4.358 5.167 1.480 
2.897 7.412 7.844 7.512 1.655 
4.093 7.477 8.209 7.923 1.419 
2.130 6.073 6.362 6.651 1.931 
3.438 5.669 7.609 6.883 1.607 
3.181 4.722 7.349 7.058 2.082 
-999.000 -999.000 -999.000 -999.000 -999.000 
2.276 6.313 5.302 5.016 2.286 
1.611 7.220 6.558 6.550 1.986 
1.619 8.346 7.431 6.748 2.201 
1.780 7.136 6.740 6.320 1.678 
3.116 2.437 2.445 3.555 1.282 
3.244 2.757 2.051 3.191 1.479 
1.853 7.432 7.009 6.073 2.394 
1.968 5.981 6.095 5.572 2.431 
3.843 4.961 6.912 6.061 2.318 
1.536 6.998 4.289 3.834 1.479 
1.326 6.802 8.211 7.154 1.773 
2.418 8.152 8.005 7.614 1.610 
3.870 7.865 8.276 7.228 1.186 
4.147 8.274 7.604 6.384 0.940 
1.098 6.577 5.928 5.163 0.886 
1.821 5.770 8.678 8.582 1.635 
2.362 4.324 6.806 6.866 1.339 
-999.000 -999.000 -999.000 -999.000 -999.000 
1.785 6.581 6.492 5.804 2.079 
3.017 3.835 2.724 3.495 1.288 
2.277 4.720 6.358 6.523 1.270 
2.454 4.423 5.431 5.775 1.583 
1.746 5.684 7.367 5.228 1.933 
2.582 6.534 5.303 4.813 1.807 
1.380 7.388 6.343 5.962 1.772 
1.399 7.412 7.851 6.622 1.217 
1.925 8.598 9.090 8.049 1.271 
2.252 8.325 7.931 7.491 1.197 
2.707 6.251 6.069 5.609 0.869 
2.513 6.381 6.341 6.114 1.136 
1.542 6.793 8.278 7.859 1.128 
1.824 5.304 7.520 7.060 0.954 
2.972 4.434 3.162 3.123 0.873 
-999.000 -999.000 -999.000 -999.000 -999.000 
1.740 4.848 3.634 4.182 1.928 
2.631 3.481 4.941 5.315 1.620 
2.525 3.667 4.506 6.165 1.896 
2.263 3.574 4.285 4.645 1.247 
1.681 5.083 6.066 5.561 2.071 
1.617 8.245 7.792 5.776 2.275 
1.655 9.411 6.729 5.955 1.663 
1.939 7.882 8.928 7.717 1.296 
3.414 6.077 8.056 7.264 1.238 
3.063 6.865 7.779 7.162 1.015 
3.161 7.099 7.964 7.516 1.427 
3.001 6.780 6.989 6.382 1.323 
2.224 7.250 8.888 8.479 1.412 
2.543 5.980 6.814 8.003 1.122 
3.522 3.766 5.340 5.042 1.186 
-999.000 -999.000 -999.000 -999.000 -999.000 
2.413 6.393 5.717 6.668 1.987 
2.385 3.607 4.216 5.452 2.078 
2.180 3.003 4.875 5.395 1.623 
1.873 4.146 7.717 7.307 2.040 
1.842 6.955 5.191 5.605 2.439 
-999.000 -999.000 3.232 -999.000 -999.000 
1.884 7.977 5.449 5.420 1.635 
1.627 6.687 8.634 6.674 2.389 
1.688 5.520 6.780 6.337 1.587 
2.143 7.076 7.525 6.707 1.246 
3.440 6.770 4.790 4.755 1.289 
1.777 5.975 5.424 7.197 1.215 
2.123 7.328 6.038 6.217 1.111 
2.337 4.532 3.043 4.732 2.264 
2.040 4.124 4.138 5.576 1.815 
1.871 5.087 4.475 5.480 1.690 
1.720 4.902 7.645 7.273 2.030 
1.602 4.169 7.968 8.205 1.926 
1.835 5.285 6.440 7.072 2.402 
2.397 7.076 6.848 5.563 2.021 
1.608 8.317 5.513 5.663 2.012 
2.528 7.867 7.227 7.268 2.590 
2.346 5.503 4.550 4.202 1.659 
-999.000 -999.000 -999.000 -999.000 -999.000 
2.486 6.377 4.643 5.543 1.503 
2.037 6.251 5.218 4.962 1.638 
2.348 6.764 5.840 4.091 1.691 
2.279 6.221 7.343 6.871 1.924 
-999.000 -999.000 -999.000 -999.000 -999.000 
