20180730 20180806 20180817 20180825 20180905 20180912 20180929 20181003 20181027 20181103 
-999.000 -999.000 0.681 -999.000 1.734 3.098 2.849 1.948 1.665 0.994 
0.839 0.182 0.250 1.135 1.954 2.635 2.537 1.999 1.718 1.159 
0.488 0.187 0.314 0.797 1.831 3.006 3.053 2.390 2.059 1.235 
0.360 0.194 0.709 1.231 2.541 3.350 2.999 2.051 1.529 0.753 
-999.000 -999.000 -999.000 -999.000 -999.000 3.330 2.990 2.577 1.818 0.730 
0.217 0.741 1.049 1.409 2.561 3.196 2.952 2.740 1.616 1.215 
0.264 0.612 0.749 1.461 2.654 3.455 3.063 2.677 1.909 1.504 
0.394 0.211 0.548 1.325 2.382 3.292 2.921 2.198 1.510 0.842 
0.355 0.195 0.862 1.449 2.401 3.522 2.977 1.635 1.376 0.528 
0.571 0.256 0.712 1.028 1.872 2.751 2.605 1.542 1.363 0.685 
0.311 0.179 0.320 0.323 1.129 2.483 2.531 1.859 1.293 1.241 
0.403 0.150 0.357 0.417 1.613 2.845 2.644 2.352 1.555 1.303 
0.257 0.673 1.185 1.735 2.601 3.345 3.073 2.523 1.419 1.250 
0.183 0.535 0.992 1.609 2.767 3.571 3.187 2.613 1.591 1.291 
0.277 0.406 0.709 1.313 2.374 3.422 2.856 2.074 1.379 1.089 
0.415 0.156 0.439 0.747 1.786 3.039 2.769 1.778 1.489 0.912 
0.446 0.206 0.338 0.605 1.653 2.889 2.832 1.927 1.862 1.066 
0.499 0.129 0.389 0.870 1.494 2.955 2.866 2.508 2.058 1.215 
0.267 0.215 0.318 0.593 0.848 1.959 2.126 1.670 1.228 1.198 
0.270 0.159 0.427 0.521 1.133 2.472 2.545 2.049 1.282 1.422 
0.378 0.201 0.390 0.540 1.254 2.974 2.512 1.998 1.254 1.145 
0.419 0.212 0.385 0.443 1.431 2.970 2.692 2.063 1.275 1.159 
0.336 0.301 0.610 1.126 1.579 2.945 2.695 2.444 1.438 1.470 
0.199 0.510 1.043 1.697 2.700 3.582 2.929 2.393 1.303 1.284 
0.259 0.261 0.578 0.945 2.202 3.374 2.683 1.995 1.434 1.150 
0.430 0.143 0.498 0.969 1.803 3.039 2.708 1.979 1.533 1.101 
0.459 0.182 0.332 0.606 1.505 2.645 2.911 2.136 2.002 1.361 
0.285 0.188 0.639 1.076 2.292 3.502 3.163 2.565 1.598 0.997 
0.367 0.185 0.327 0.622 0.781 2.366 2.371 1.578 1.460 1.178 
0.344 0.208 0.450 0.691 0.872 2.446 2.525 1.915 1.730 1.346 
0.320 0.270 0.572 0.872 1.113 2.643 2.611 1.968 1.665 1.265 
0.227 0.322 0.776 1.371 1.697 3.348 2.788 2.119 1.358 1.160 
0.306 0.381 0.534 1.161 2.189 3.497 2.778 2.358 1.247 1.424 
0.476 0.213 0.408 0.454 0.996 2.862 2.717 2.326 1.518 1.474 
0.419 0.229 0.421 0.464 1.274 2.712 2.755 2.400 1.576 1.359 
0.321 0.154 0.363 0.525 1.527 3.092 2.571 1.993 1.293 1.353 
0.367 0.129 0.292 0.499 2.043 3.387 2.545 1.717 1.518 1.262 
0.424 0.130 0.316 0.580 1.705 3.259 2.770 2.100 1.804 1.542 
0.299 0.195 0.571 0.945 2.452 3.520 3.252 2.659 1.645 1.193 
0.283 0.165 0.840 1.208 2.511 3.514 3.247 2.432 1.702 1.064 
0.377 0.241 1.026 1.401 2.259 3.147 2.783 1.852 1.589 0.940 
-999.000 -999.000 -999.000 -999.000 -999.000 2.709 1.861 1.004 0.621 0.503 
0.302 0.531 0.571 1.078 1.458 3.027 2.515 1.381 0.906 0.713 
0.502 0.197 0.371 0.588 1.054 2.774 2.445 1.522 1.379 1.113 
0.438 0.200 0.319 0.472 0.740 2.576 2.629 1.951 1.777 1.382 
0.529 0.276 0.544 0.891 1.440 3.111 1.982 1.500 1.574 1.164 
0.269 0.384 0.748 1.359 1.908 3.604 2.965 2.382 1.528 1.385 
0.168 0.387 0.542 1.158 2.477 3.550 2.901 2.418 1.464 1.572 
0.295 0.275 0.478 0.635 1.578 3.098 2.654 2.179 1.288 1.557 
0.316 0.210 0.462 0.463 1.257 2.594 2.557 2.079 1.415 1.459 
0.414 0.119 0.367 0.436 1.609 2.807 2.514 2.061 1.282 1.110 
0.352 0.159 0.359 0.480 1.599 3.248 2.840 2.292 1.682 1.557 
0.484 0.141 0.388 0.566 2.114 3.498 2.766 1.919 1.649 1.374 
0.367 0.192 0.788 1.171 2.228 3.333 2.851 2.285 1.490 1.068 
0.332 0.476 1.209 1.650 2.604 3.594 2.916 2.288 1.503 0.958 
0.293 0.361 1.133 1.590 2.356 3.336 2.762 2.022 1.427 0.861 
-999.000 -999.000 -999.000 -999.000 -999.000 2.764 2.402 1.994 1.288 0.899 
0.288 0.539 1.767 2.048 2.362 3.429 2.719 2.387 1.356 1.358 
0.282 0.397 1.296 1.493 2.126 3.046 2.284 1.629 1.107 1.102 
0.324 0.258 0.511 0.777 1.478 3.045 2.248 1.468 1.088 1.318 
0.297 0.201 0.368 0.509 1.222 3.083 2.483 1.391 1.115 1.288 
0.303 0.221 0.405 0.459 0.729 2.816 2.256 1.300 1.363 1.064 
0.278 0.166 0.449 0.498 1.119 2.951 2.079 1.254 1.480 1.216 
0.421 0.342 0.527 0.978 1.437 3.143 2.640 2.129 1.728 1.746 
0.205 0.399 0.718 1.142 2.282 3.531 2.979 2.565 1.628 1.541 
0.293 0.274 0.540 0.809 1.865 3.432 2.435 2.062 1.157 1.405 
0.429 0.147 0.406 0.533 1.221 2.904 2.352 1.860 1.213 1.307 
0.321 0.139 0.395 0.390 1.516 2.891 2.550 2.112 1.393 1.168 
0.580 0.179 0.497 0.670 2.163 3.320 2.720 2.268 1.292 1.154 
0.331 0.261 0.847 1.432 2.395 3.372 2.669 2.303 1.305 0.939 
0.267 0.297 1.079 1.646 2.873 3.782 3.072 2.505 1.368 0.927 
0.325 0.255 1.220 1.635 2.312 3.253 2.894 2.006 1.359 0.915 
0.413 0.209 0.974 1.161 2.024 3.088 2.661 1.785 1.481 1.004 
0.438 0.136 0.344 0.565 0.998 2.635 2.634 1.626 1.595 1.180 
0.230 0.446 0.400 1.052 1.886 2.788 2.355 1.613 1.481 0.584 
0.500 0.475 1.063 1.731 2.164 2.923 2.512 1.945 1.377 0.942 
0.427 0.446 1.665 2.218 2.726 3.612 2.827 2.497 1.480 1.752 
0.334 0.342 1.498 1.837 2.440 3.434 2.734 2.156 1.263 1.535 
0.303 0.189 0.581 0.878 2.041 2.915 1.713 1.057 0.853 1.006 
0.290 0.175 0.394 0.580 1.585 3.228 2.116 1.119 0.831 1.010 
0.404 0.239 0.454 0.677 1.020 3.089 2.426 1.644 1.145 1.143 
0.437 0.240 0.356 0.740 1.603 3.329 1.887 0.911 0.967 0.903 
0.507 0.196 0.507 0.691 1.361 3.024 2.275 1.709 1.621 1.609 
0.410 0.240 0.719 1.008 1.907 3.407 2.934 2.603 1.913 1.832 
0.414 0.189 0.476 0.777 1.740 3.438 2.590 2.479 1.335 1.439 
0.345 0.280 0.693 0.873 1.911 3.163 2.464 2.380 1.024 1.028 
0.386 0.207 0.472 0.581 1.684 2.957 2.748 2.398 1.427 1.231 
0.581 0.159 0.227 0.329 1.316 2.671 3.043 2.823 1.898 1.562 
0.229 0.388 0.932 1.633 2.595 3.511 2.815 2.379 1.259 0.888 
0.191 0.200 1.086 1.703 2.971 3.684 3.114 2.247 1.456 0.986 
0.310 0.164 0.963 1.274 2.430 3.212 3.022 2.036 1.507 1.149 
0.567 0.090 0.264 0.490 1.435 2.907 2.697 1.808 1.531 1.242 
0.415 0.128 0.239 0.556 1.744 3.071 2.691 1.729 1.331 1.084 
0.501 0.496 0.836 0.913 1.910 2.920 2.581 1.644 1.105 0.879 
0.242 0.496 0.571 0.999 2.224 2.867 2.431 1.817 1.872 0.926 
0.254 0.490 0.525 1.496 2.219 3.027 2.522 1.986 1.613 0.949 
0.345 0.441 0.591 1.208 2.001 2.934 2.600 1.697 1.494 0.656 
0.326 0.403 1.068 1.774 2.712 3.509 2.717 2.216 1.546 1.669 
0.351 0.619 1.628 2.051 2.466 3.574 2.914 2.277 1.519 1.800 
0.382 0.504 1.325 1.343 1.913 3.368 2.507 1.871 1.221 1.507 
0.299 0.399 0.768 1.076 1.121 2.992 2.684 2.053 1.200 1.243 
0.358 0.483 0.699 1.094 1.251 3.198 2.839 2.205 1.153 1.148 
0.420 0.280 0.455 0.737 1.482 3.261 2.479 1.706 1.277 1.111 
0.406 0.243 0.541 0.605 1.357 3.177 2.538 1.995 1.674 1.396 
0.637 0.256 0.617 0.919 1.737 3.369 2.719 2.254 1.945 1.533 
0.415 0.323 0.664 1.197 1.809 3.575 2.860 2.647 1.733 1.265 
0.440 0.354 0.733 1.235 1.963 3.298 2.662 2.363 1.104 1.027 
0.605 0.155 0.440 0.474 1.239 2.786 2.736 2.602 1.780 1.546 
0.725 0.126 0.241 0.331 0.999 2.084 2.696 2.714 2.028 1.624 
0.538 0.216 0.424 0.923 1.101 2.704 2.944 2.696 2.039 1.589 
0.324 0.204 0.963 1.562 2.537 3.576 3.052 2.415 1.673 1.257 
0.216 0.181 0.935 1.358 2.709 3.624 3.216 2.494 1.652 1.164 
0.543 0.211 0.506 0.848 1.886 2.949 2.786 1.896 1.255 1.087 
0.383 0.246 0.799 1.290 2.165 3.423 2.907 1.921 1.483 0.811 
0.340 0.325 1.046 1.482 2.735 3.677 3.131 2.325 1.729 1.026 
0.116 0.251 0.338 0.942 2.151 2.608 2.569 2.260 1.836 0.975 
0.147 0.354 0.524 1.187 2.302 2.896 2.485 1.993 1.650 0.933 
0.204 0.508 0.619 1.131 2.124 2.868 2.372 1.777 1.472 1.007 
0.224 0.609 0.791 1.232 1.923 2.752 2.294 1.373 1.277 0.713 
0.359 0.447 0.986 1.407 1.654 2.876 2.365 1.412 1.400 0.835 
0.429 0.593 1.586 2.030 2.432 3.574 2.931 2.141 1.691 1.590 
0.402 0.528 0.957 1.155 1.676 3.259 2.631 1.953 1.453 1.292 
0.307 0.407 0.618 0.887 1.121 2.930 2.624 2.103 1.376 1.158 
0.479 0.388 0.558 0.904 1.226 2.919 2.940 2.334 1.339 1.128 
0.476 0.378 0.502 0.846 1.204 2.433 2.784 2.227 1.405 0.996 
0.302 0.378 0.572 0.771 1.396 3.042 2.578 1.597 1.317 0.930 
0.453 0.406 0.622 0.962 1.206 3.175 2.500 1.763 1.434 0.783 
0.395 0.326 0.790 1.196 2.098 3.474 2.515 2.134 1.305 0.874 
0.401 0.235 0.742 1.042 2.181 3.168 2.744 2.295 1.207 1.177 
0.423 0.258 0.647 0.951 1.864 3.043 2.740 2.392 1.196 1.347 
0.596 0.091 0.257 0.332 0.580 1.740 2.938 2.770 2.092 1.776 
0.518 0.144 0.301 0.439 1.060 2.376 2.974 2.694 2.133 1.586 
0.302 0.188 0.579 0.891 2.062 3.591 2.955 2.359 1.549 1.205 
0.296 0.148 0.859 1.280 2.512 3.820 3.039 2.283 1.560 1.083 
0.314 0.374 0.963 1.446 2.279 3.315 3.008 2.000 1.588 1.139 
0.428 0.282 0.840 1.375 2.241 3.558 3.214 2.192 1.546 0.950 
0.496 0.223 0.833 1.428 2.773 3.692 3.209 2.260 1.635 0.778 
0.326 0.356 0.487 1.101 2.683 3.671 3.054 2.065 1.680 0.814 
0.378 0.895 0.729 0.981 2.486 2.277 2.229 2.148 1.667 0.935 
0.186 0.491 0.631 1.163 2.092 2.311 2.016 1.572 1.476 0.626 
0.164 0.542 0.752 1.308 2.099 2.657 2.038 1.554 1.358 0.653 
0.209 0.506 0.538 1.012 1.888 2.754 2.110 1.640 1.394 1.001 
0.219 0.701 0.837 1.370 1.880 2.667 2.183 1.232 1.328 0.836 
0.347 0.590 0.872 1.413 1.957 2.918 2.474 1.551 1.534 0.747 
0.458 0.460 0.521 0.832 1.247 2.886 2.447 1.839 1.695 0.837 
0.327 0.362 0.611 0.904 1.337 3.109 2.441 1.990 1.610 0.822 
0.401 0.368 0.696 0.956 1.325 2.966 2.412 2.047 1.520 1.028 
0.512 0.257 0.515 0.774 1.375 2.849 2.838 2.475 1.679 1.210 
0.514 0.341 0.590 1.011 1.682 2.526 2.806 2.397 1.609 0.752 
0.422 0.398 0.907 1.233 1.941 2.949 2.671 2.167 1.268 0.636 
0.362 0.522 0.975 1.225 2.009 3.142 2.606 1.804 1.275 0.548 
0.468 0.397 0.923 1.104 2.279 3.347 2.709 2.144 1.191 0.904 
0.321 0.405 1.008 1.296 2.259 3.330 2.708 2.288 1.241 0.976 
0.331 0.388 1.008 1.206 2.129 3.159 2.734 2.384 0.793 1.046 
0.367 0.270 0.553 0.659 1.569 2.786 2.750 2.312 0.996 1.348 
0.280 0.288 0.684 0.974 2.018 3.219 2.755 2.395 0.977 1.056 
0.251 0.359 0.817 1.038 1.983 3.200 2.662 2.361 1.288 1.102 
0.301 0.415 1.105 1.434 1.880 3.246 2.627 1.896 1.476 0.964 
0.299 0.338 0.938 1.345 1.912 3.172 2.822 1.844 1.619 0.948 
0.243 0.216 0.605 1.081 2.289 3.229 3.046 2.177 1.579 1.033 
0.294 0.194 0.781 1.255 2.343 3.362 2.980 1.995 1.615 0.787 
0.358 0.242 0.759 1.310 2.508 3.460 2.927 1.952 1.549 0.671 
0.433 0.650 0.799 1.055 2.278 2.164 2.120 2.113 1.379 0.964 
0.241 0.567 0.729 0.919 1.794 2.267 1.905 1.514 1.419 0.681 
0.160 0.258 0.506 0.905 1.722 2.790 2.127 1.848 1.724 0.980 
0.212 0.535 0.592 0.970 1.682 2.683 1.790 1.502 1.553 0.931 
0.301 0.505 0.645 1.047 1.613 2.651 2.158 1.557 1.531 0.924 
0.491 0.421 0.582 1.101 1.839 2.938 2.508 1.904 1.771 1.117 
0.319 0.464 0.655 0.891 1.696 2.770 2.562 2.166 1.844 0.916 
0.456 0.641 0.705 1.064 2.010 3.425 2.711 2.233 1.723 0.907 
0.565 0.342 0.954 1.636 2.163 3.532 2.856 1.959 1.651 1.203 
0.496 0.377 0.952 1.283 2.154 2.840 2.775 2.324 1.602 1.183 
0.519 0.350 0.651 1.105 2.292 2.426 2.924 2.301 1.633 0.994 
0.564 0.421 0.631 0.870 1.805 2.301 2.918 2.310 1.393 0.829 
0.462 0.214 0.687 1.096 1.852 3.306 2.877 2.062 1.131 0.666 
0.432 0.223 0.679 1.000 1.894 3.258 2.897 2.751 1.379 0.791 
0.319 0.390 0.675 1.020 2.170 3.219 2.810 2.478 1.143 1.105 
0.375 0.509 1.010 1.180 2.190 3.155 2.620 2.175 0.843 1.164 
0.414 0.729 1.320 1.276 2.133 3.121 2.423 2.153 0.675 1.221 
0.271 0.444 0.741 1.049 1.909 3.034 2.389 2.131 0.836 1.031 
0.332 0.460 1.130 1.275 2.212 3.221 2.542 2.108 1.047 0.872 
0.300 0.421 0.740 1.169 1.995 3.339 2.632 2.210 1.361 0.847 
0.203 0.327 0.740 1.112 1.877 3.322 2.628 2.047 1.521 0.917 
0.274 0.329 0.978 1.261 2.480 3.608 2.986 2.356 1.643 1.172 
0.388 0.337 0.919 1.297 2.073 3.127 2.725 2.051 1.590 0.882 
0.281 0.310 0.956 1.458 2.393 3.253 2.960 2.154 1.550 0.657 
0.551 0.336 0.523 1.080 2.082 3.292 3.048 2.136 1.721 0.797 
0.205 0.296 0.517 0.679 1.599 2.050 1.585 1.421 1.629 0.836 
0.198 0.422 0.768 0.744 1.474 2.239 1.673 1.641 1.616 0.741 
0.357 0.452 1.024 1.162 1.847 2.685 1.935 1.723 1.283 0.709 
0.420 0.472 0.756 1.059 2.188 2.948 2.297 2.022 1.591 1.156 
0.319 0.424 0.726 1.158 2.184 3.079 2.405 1.879 1.841 1.341 
0.274 0.379 0.704 1.306 2.269 3.179 2.695 2.202 1.882 1.076 
0.384 0.348 0.621 1.285 1.892 3.202 2.612 1.743 1.700 0.902 
0.394 0.308 1.021 1.694 2.289 3.496 2.709 1.960 1.728 1.116 
0.279 0.385 1.219 1.776 2.167 3.206 2.491 1.945 1.652 1.138 
0.268 0.512 1.037 1.589 2.346 3.134 2.724 2.181 1.574 1.150 
0.260 0.447 1.084 1.483 2.207 3.224 2.852 2.033 1.329 1.106 
0.444 0.334 0.769 1.000 1.817 3.014 2.759 1.820 1.206 0.765 
0.407 0.207 0.609 1.052 1.835 3.164 2.760 2.299 1.391 0.802 
0.437 0.426 0.757 1.010 2.146 3.120 2.834 2.295 1.217 1.052 
0.371 0.610 1.158 1.177 2.085 3.118 2.342 2.145 1.131 1.224 
0.353 0.533 0.963 1.028 1.974 3.172 2.398 2.098 0.903 1.079 
0.386 0.392 0.865 1.144 2.034 3.155 2.404 2.111 0.764 1.045 
0.344 0.482 0.972 1.284 2.018 3.302 2.385 2.131 0.904 0.865 
0.325 0.565 1.013 1.234 2.128 3.574 2.540 2.143 1.275 0.734 
0.276 0.528 1.204 1.374 2.318 3.597 2.618 2.133 1.371 0.826 
0.319 0.335 0.836 1.035 1.999 3.428 2.839 2.250 1.506 1.055 
0.273 0.382 0.764 1.079 2.160 3.183 2.889 2.238 1.525 1.085 
0.305 0.127 0.530 1.139 2.271 3.400 3.229 2.715 1.632 0.909 
0.336 0.219 0.323 0.955 2.290 3.401 3.047 2.671 1.796 0.898 
-999.000 -999.000 -999.000 -999.000 -999.000 2.820 2.606 2.280 1.627 0.925 
0.292 0.458 0.732 0.868 1.474 2.537 2.158 1.717 1.462 0.914 
0.347 0.377 0.649 1.050 2.041 3.006 2.417 2.321 1.550 1.336 
0.299 0.307 0.561 1.158 2.145 3.049 2.585 2.370 1.835 1.406 
0.259 0.340 0.608 1.414 2.322 3.200 2.578 2.136 1.774 1.228 
0.307 0.276 0.535 1.380 2.311 3.125 2.694 2.013 1.776 0.830 
0.379 0.551 1.059 1.783 2.238 3.315 2.569 1.836 1.749 0.931 
0.275 0.411 1.031 1.642 2.475 3.457 2.777 2.141 1.826 1.154 
0.409 0.442 0.761 1.298 2.659 3.403 2.996 2.651 1.826 1.524 
0.425 0.531 1.004 1.444 2.488 3.469 3.090 2.305 1.520 1.408 
0.396 0.531 1.105 1.241 2.711 3.437 3.192 2.426 1.388 1.401 
0.483 0.272 0.709 0.985 2.046 3.082 2.564 1.931 1.195 0.813 
0.433 0.220 0.670 0.999 2.214 3.150 2.733 2.145 1.411 0.958 
0.402 0.326 1.019 1.112 2.298 3.170 2.555 2.092 1.295 1.239 
0.413 0.250 0.593 0.966 2.065 3.179 2.434 2.127 1.206 1.106 
0.271 0.261 0.541 1.003 1.868 3.282 2.319 2.365 0.882 0.976 
0.233 0.428 0.654 0.892 1.885 3.148 2.329 2.172 0.793 0.803 
0.288 0.198 0.610 0.817 1.676 3.195 2.362 1.970 0.921 0.577 
0.305 0.516 0.642 0.851 1.820 3.254 2.658 2.131 1.120 0.689 
0.508 0.533 0.948 1.250 2.144 3.670 3.111 2.378 1.414 1.166 
0.484 0.445 0.773 1.086 2.089 3.465 3.052 2.645 1.597 1.149 
0.258 0.244 0.457 0.858 1.838 3.277 3.053 2.640 1.612 0.933 
0.274 0.290 0.645 1.090 2.330 3.511 3.056 2.427 1.832 0.865 
0.309 0.311 1.168 1.626 2.392 3.313 2.520 1.955 1.540 0.676 
0.359 0.385 0.527 1.004 1.938 2.786 2.416 2.188 1.503 1.064 
0.342 0.377 0.512 1.021 2.164 3.066 2.490 2.498 1.819 1.334 
0.279 0.330 0.575 1.072 2.088 2.955 2.406 2.261 1.836 1.209 
0.310 0.352 0.614 1.201 2.137 3.314 2.571 2.193 1.796 0.922 
0.318 0.556 0.691 1.187 2.118 3.295 2.699 2.245 1.921 0.992 
0.496 0.287 0.536 1.201 2.763 3.726 3.122 3.088 2.072 1.271 
0.286 0.268 0.433 0.801 2.155 3.329 2.973 2.792 1.766 1.249 
0.331 0.510 0.878 1.459 2.127 3.198 2.804 2.281 1.430 1.223 
0.372 0.507 1.237 1.575 2.608 3.196 2.743 2.008 1.063 1.010 
0.427 0.327 0.895 1.221 2.367 3.239 2.650 2.047 1.185 0.922 
0.555 0.405 1.180 1.412 2.447 3.198 2.531 1.970 1.420 0.810 
0.471 0.180 1.250 1.417 2.554 3.379 2.663 2.009 1.417 1.026 
0.385 0.384 0.682 0.936 2.210 3.320 2.382 2.189 1.555 1.211 
0.411 0.458 1.106 1.387 2.473 3.463 2.505 2.314 1.156 0.953 
0.298 0.333 1.180 1.288 2.394 3.325 2.313 2.098 0.819 0.756 
0.237 0.305 1.030 1.287 2.428 3.372 2.161 1.799 0.718 0.555 
0.259 0.446 1.035 1.187 2.516 3.356 2.305 1.905 0.970 0.527 
0.502 0.484 0.827 0.945 2.013 3.459 2.540 2.150 1.340 0.911 
0.489 0.454 0.717 1.248 2.527 3.793 2.746 2.320 1.502 0.966 
0.299 0.397 0.650 1.149 2.305 3.547 2.842 2.240 1.555 0.941 
0.289 0.198 0.588 1.050 2.437 3.358 2.773 2.119 1.519 0.798 
0.258 0.361 1.005 1.620 2.563 3.469 2.458 1.764 1.258 0.626 
0.610 0.650 1.233 1.236 2.665 3.434 2.393 1.926 1.168 0.629 
0.380 0.444 0.526 0.742 1.675 2.640 2.569 2.225 1.770 1.248 
0.373 0.412 0.627 1.007 2.303 3.093 2.459 2.204 1.812 1.390 
0.399 0.376 0.562 0.993 1.884 2.833 2.338 2.177 1.882 1.290 
0.180 0.507 0.853 1.540 2.209 3.253 2.587 2.129 1.795 0.839 
0.321 0.468 0.767 1.355 2.551 3.411 2.649 2.034 1.762 0.934 
0.331 0.242 0.436 0.788 1.802 3.155 2.582 2.220 1.655 0.903 
0.248 0.231 0.348 0.826 1.771 3.215 2.732 2.476 1.314 0.732 
0.281 0.295 0.417 1.053 1.968 3.143 2.749 2.478 1.365 1.017 
0.344 0.377 0.703 1.469 2.486 3.509 3.023 2.528 1.351 1.342 
0.316 0.277 1.004 1.495 2.251 3.623 3.002 2.304 1.425 1.400 
0.535 0.178 0.774 1.654 2.671 3.382 2.597 2.009 1.329 0.873 
0.483 0.145 0.688 1.711 2.816 3.545 2.667 2.147 1.519 0.840 
0.526 0.264 0.662 1.024 2.201 3.243 2.703 2.333 1.622 1.292 
0.450 0.434 1.387 1.575 2.351 3.315 2.210 2.007 1.310 0.799 
0.352 0.407 0.966 1.359 2.423 3.343 2.379 2.030 1.047 0.767 
0.250 0.567 0.899 1.176 2.209 3.153 2.231 1.887 0.784 0.527 
0.325 0.493 0.893 1.278 2.521 3.174 2.217 1.800 0.902 0.510 
0.370 0.512 1.082 1.143 2.663 3.340 2.405 2.209 1.386 0.651 
0.311 0.476 0.790 1.426 2.775 3.626 2.557 2.226 1.431 0.961 
0.355 0.317 0.679 1.303 2.214 3.482 2.529 1.773 1.497 0.825 
0.380 0.454 0.971 1.352 2.056 3.496 3.006 1.976 1.587 0.789 
0.539 0.509 1.402 1.574 2.232 3.621 2.604 2.035 1.362 0.641 
0.461 0.360 1.013 1.397 2.879 3.466 2.474 1.702 1.206 0.584 
0.600 0.479 0.526 0.846 1.937 2.726 2.355 2.075 2.025 1.549 
0.444 0.345 0.357 0.620 1.725 2.660 2.219 2.199 1.846 1.039 
0.290 0.397 0.630 1.050 1.910 2.921 2.311 1.849 1.727 0.775 
0.378 0.206 0.468 1.294 2.567 3.270 2.433 1.889 1.766 0.893 
0.366 0.271 0.442 0.895 2.510 3.298 2.662 1.978 1.805 1.007 
0.301 0.215 0.433 1.199 2.122 3.354 2.459 2.304 1.573 0.780 
0.349 0.142 0.538 1.742 2.868 3.742 2.779 2.740 1.733 1.373 
0.330 0.301 0.637 1.510 2.438 3.558 3.004 2.514 1.691 1.580 
0.487 0.181 0.714 1.895 2.604 3.643 3.039 2.210 1.523 1.584 
0.411 0.183 0.869 1.643 2.483 3.448 2.824 2.069 1.315 1.143 
0.423 0.117 0.470 1.043 2.455 3.473 2.717 2.315 1.648 1.080 
0.436 0.140 0.532 0.920 2.533 3.507 2.974 2.409 1.819 1.211 
0.399 0.264 0.598 1.183 2.656 3.531 2.879 2.337 1.654 1.216 
0.492 0.333 0.652 1.145 2.610 3.500 3.007 2.572 1.755 1.030 
0.303 0.558 0.917 1.417 2.648 3.524 2.455 2.338 1.321 0.692 
0.243 0.499 0.964 1.317 2.588 3.224 2.246 1.843 1.044 0.580 
0.358 0.448 1.208 1.132 2.539 3.042 2.161 1.901 1.399 0.564 
0.333 0.431 0.689 1.309 2.382 3.143 2.220 1.947 1.329 0.654 
0.335 0.421 0.894 1.445 2.557 3.415 2.389 2.075 1.469 0.810 
0.335 0.440 0.868 1.250 2.435 3.474 2.742 2.068 1.489 0.832 
0.682 0.417 1.457 1.493 2.216 3.481 2.734 1.950 1.221 0.565 
0.495 0.300 1.234 1.573 2.672 3.462 2.545 1.864 1.282 0.639 
0.447 0.477 1.914 1.264 2.199 2.799 2.286 1.912 1.274 0.613 
0.129 0.281 0.568 1.100 1.882 2.535 2.121 1.829 1.778 0.761 
0.272 0.330 0.821 1.394 2.293 2.848 2.391 1.995 1.735 0.690 
0.306 0.379 0.910 1.140 1.833 2.654 2.205 1.499 1.399 0.660 
0.330 0.479 0.822 1.019 2.008 2.845 2.426 1.632 1.477 0.715 
0.406 0.327 0.607 1.257 2.179 3.262 2.629 2.155 1.748 1.017 
0.223 0.260 0.734 1.539 2.444 3.400 2.481 2.379 1.780 1.091 
0.239 0.403 0.955 1.614 2.465 3.491 2.828 2.138 1.619 1.340 
0.343 0.238 0.941 1.529 2.179 3.503 3.064 2.300 1.587 1.420 
0.343 0.337 1.132 1.430 2.229 3.367 2.924 2.266 1.344 0.981 
0.305 0.250 0.690 1.430 2.395 3.434 2.716 2.240 1.373 0.825 
0.257 0.237 0.658 1.455 2.690 3.698 3.028 2.213 1.634 0.886 
0.289 0.396 0.841 1.269 2.430 3.497 2.978 2.293 1.783 1.159 
0.328 0.524 0.942 1.430 2.812 3.656 2.806 2.376 1.681 1.005 
0.403 0.378 0.696 0.981 2.463 3.276 2.510 1.971 1.612 0.880 
0.396 0.466 1.146 1.066 2.403 2.912 2.181 1.748 1.178 0.677 
0.359 0.515 0.898 1.295 2.566 3.037 2.170 1.803 1.335 0.558 
0.371 0.425 1.217 1.594 3.115 3.332 2.305 1.997 1.404 0.760 
0.295 0.430 0.807 1.546 2.892 3.446 2.410 2.152 1.396 0.883 
0.330 0.367 0.876 1.346 2.936 3.572 2.599 2.123 1.338 0.838 
0.422 0.342 1.075 1.325 2.632 3.400 2.694 1.996 1.263 0.694 
0.399 0.382 1.759 1.418 2.188 3.111 2.504 1.865 1.291 0.610 
0.297 0.486 1.382 1.375 2.886 3.335 2.365 1.840 1.207 0.698 
-999.000 -999.000 -999.000 -999.000 -999.000 2.624 2.135 1.602 0.912 0.698 
0.310 0.319 1.177 1.959 2.689 2.884 2.472 2.082 1.798 0.717 
0.373 0.261 0.784 1.303 2.292 2.801 2.540 2.060 1.737 0.714 
0.246 0.336 1.170 1.469 2.243 3.106 2.488 1.384 1.290 0.565 
0.241 0.295 1.155 1.496 2.054 3.040 2.333 1.399 1.224 0.498 
0.253 0.292 0.893 1.679 2.558 3.375 2.474 2.100 1.737 1.150 
0.235 0.386 0.912 1.853 2.939 3.654 2.833 2.365 1.769 1.448 
0.385 0.369 0.937 1.536 2.509 3.560 3.025 2.541 1.734 1.592 
0.308 0.226 0.468 1.506 2.526 3.651 3.139 2.721 1.497 1.021 
0.334 0.307 0.594 1.376 2.504 3.459 2.889 2.374 1.295 0.990 
0.326 0.498 0.873 1.359 2.163 3.047 2.720 2.005 1.400 0.839 
0.354 0.534 0.870 1.405 1.992 3.055 2.479 1.995 1.609 0.873 
0.346 0.509 0.916 1.459 2.188 3.150 2.355 1.846 1.404 0.949 
0.399 0.485 1.615 2.024 3.078 3.433 2.202 1.827 1.442 0.901 
0.340 0.305 1.206 1.265 2.913 3.282 2.324 2.053 1.046 0.711 
0.316 0.424 0.920 1.324 2.613 3.203 2.313 1.856 1.072 0.687 
0.303 0.320 1.047 1.557 2.818 3.310 2.023 1.607 1.236 0.642 
0.316 0.480 1.032 1.356 2.868 3.318 2.106 1.810 1.091 0.720 
0.389 0.318 1.026 1.563 3.099 3.621 2.450 2.101 1.021 0.775 
0.334 0.389 1.318 1.426 2.226 3.103 2.101 1.607 0.983 0.618 
0.334 0.437 1.184 1.426 2.560 3.036 2.283 1.652 1.149 0.646 
0.301 0.355 0.972 1.334 2.687 3.191 2.112 1.596 1.146 0.605 
0.276 0.230 1.128 1.353 2.407 3.312 2.365 2.143 1.049 0.527 
0.330 0.279 0.410 0.966 2.051 2.819 2.504 2.014 1.618 0.763 
0.333 0.320 1.082 1.391 2.021 2.726 2.262 1.307 1.233 0.526 
0.210 0.494 1.175 1.578 2.318 3.106 2.449 1.546 1.395 0.590 
0.253 0.404 0.825 1.225 2.229 3.009 2.498 1.811 1.526 0.752 
0.408 0.299 0.422 1.123 2.624 3.633 2.863 2.532 2.015 1.415 
0.389 0.255 0.668 1.141 2.519 3.561 2.922 2.474 1.754 1.506 
0.281 0.302 0.600 1.332 2.448 3.578 3.170 2.533 1.519 1.442 
0.418 0.372 0.931 1.346 2.138 3.424 2.981 2.105 1.173 1.130 
0.312 0.445 0.958 1.316 2.047 3.064 2.685 1.881 1.190 0.895 
0.208 0.443 0.986 1.353 2.034 3.092 2.537 1.729 1.289 0.807 
0.279 0.521 0.998 1.405 2.343 3.120 2.288 1.778 1.427 0.894 
0.399 0.467 1.160 1.542 2.513 3.255 2.208 1.863 1.363 0.910 
0.452 0.374 1.018 1.358 2.766 3.423 2.472 2.215 0.887 0.637 
0.315 0.390 1.007 1.339 2.487 3.126 2.236 1.984 0.737 0.626 
0.468 0.700 1.648 1.887 2.992 3.387 2.103 1.957 0.852 0.604 
0.515 0.466 1.693 1.885 3.178 3.492 2.113 2.202 0.899 0.633 
0.423 0.356 1.114 1.302 2.466 3.185 2.070 1.890 0.679 0.564 
0.550 0.368 1.282 1.592 2.663 3.358 2.275 1.734 0.734 0.609 
0.450 0.257 1.051 1.130 2.521 3.261 2.589 1.963 0.882 0.611 
0.319 0.301 1.190 1.539 2.828 3.569 2.738 2.199 1.037 0.581 
0.149 0.266 0.882 1.033 1.673 3.119 2.519 2.062 0.867 0.800 
0.267 0.289 0.858 1.063 1.343 2.971 2.301 1.892 0.895 0.724 
0.268 0.343 0.771 0.908 1.673 2.174 1.978 1.257 1.205 0.629 
0.193 0.543 1.025 1.371 2.046 2.351 2.248 1.591 1.298 0.607 
0.200 0.522 0.961 1.360 2.157 2.971 2.463 1.800 1.426 0.771 
0.352 0.355 0.520 1.032 2.113 3.383 2.654 2.309 1.815 1.255 
0.469 0.197 0.501 0.879 2.271 3.465 2.825 2.318 1.825 1.366 
0.405 0.262 0.616 0.967 2.052 3.091 2.793 1.930 1.469 1.381 
0.263 0.458 1.154 1.990 2.438 3.351 2.705 1.949 1.202 0.986 
0.303 0.519 1.224 1.819 2.348 3.263 2.782 2.188 1.146 0.980 
0.329 0.430 0.857 1.374 2.022 3.020 2.399 1.872 1.258 0.857 
0.457 0.439 1.210 1.756 2.673 3.262 2.232 1.911 1.498 0.853 
0.375 0.445 1.215 1.780 2.661 3.231 2.305 1.992 1.575 0.990 
0.523 0.398 1.088 1.465 2.553 3.166 2.391 2.080 1.173 0.635 
0.462 0.522 1.110 1.505 2.794 3.340 2.272 2.308 0.856 0.667 
0.497 0.608 1.436 1.684 2.699 3.155 1.947 1.863 0.748 0.632 
0.410 0.735 1.093 1.474 2.909 3.433 2.087 1.833 0.789 0.664 
0.326 0.327 0.948 1.326 2.667 3.325 2.249 2.022 0.794 0.677 
0.316 0.311 0.748 1.172 2.597 3.462 2.595 1.939 0.629 0.568 
0.325 0.380 1.027 1.512 2.487 3.407 2.495 1.772 0.771 0.761 
0.212 0.315 1.060 1.234 1.857 3.164 2.502 2.019 0.908 0.862 
0.165 0.223 1.309 1.637 1.843 3.211 2.190 1.719 0.680 0.785 
0.309 0.286 1.216 1.118 1.425 3.143 2.208 1.718 0.745 0.681 
0.283 0.438 0.556 1.162 1.967 2.613 2.323 1.813 1.274 0.744 
0.323 0.526 0.881 1.457 2.359 2.906 2.434 1.743 1.378 0.740 
0.402 0.384 0.831 1.139 1.984 2.942 2.440 1.724 1.775 1.018 
0.247 0.707 0.878 1.540 2.294 3.219 2.605 1.887 1.368 0.979 
0.251 0.566 1.314 1.782 2.369 3.287 2.529 1.659 1.314 1.024 
0.314 0.530 1.408 1.839 2.584 3.316 2.438 1.969 1.359 1.055 
0.397 0.463 1.184 1.549 2.646 3.255 2.411 2.292 1.266 0.925 
0.439 0.396 0.633 1.013 2.522 3.420 2.423 2.128 0.798 0.616 
0.335 0.592 0.760 1.207 2.205 3.148 2.371 2.044 1.300 0.774 
0.508 0.639 1.449 1.769 2.785 3.386 2.228 1.998 1.221 0.767 
0.436 0.550 1.394 1.694 2.768 3.307 2.018 1.772 0.755 0.684 
0.439 0.472 0.980 1.558 2.423 3.201 1.985 1.576 0.722 0.627 
0.360 0.433 0.888 1.176 2.072 3.234 1.881 1.771 0.627 0.572 
0.299 0.420 0.557 0.779 1.764 3.213 2.273 1.977 0.604 0.526 
0.268 0.273 0.860 1.421 1.878 3.224 2.039 1.417 0.565 0.746 
0.253 0.319 0.988 1.520 2.019 3.274 2.308 1.956 0.818 0.892 
0.183 0.307 1.262 1.303 1.563 3.128 2.044 1.850 0.688 0.653 
0.248 0.342 1.224 1.339 1.854 3.170 2.011 1.594 0.717 0.485 
0.298 0.460 1.070 1.099 1.950 3.403 2.607 2.114 1.111 0.746 
0.291 0.801 1.240 1.579 1.660 2.473 2.062 1.447 1.132 0.516 
0.244 0.827 1.191 1.383 1.979 2.582 1.935 1.226 0.989 0.503 
0.351 0.696 1.036 1.345 2.125 2.734 2.060 1.181 1.156 0.561 
0.194 0.391 0.496 1.523 2.324 2.932 2.067 1.902 1.484 0.905 
0.234 0.402 0.708 1.518 2.357 3.189 2.228 1.926 1.391 0.830 
0.285 0.725 1.325 1.504 2.237 3.094 2.451 1.768 1.271 0.928 
0.293 0.634 1.409 1.568 2.063 3.091 2.267 1.985 1.322 1.042 
0.426 0.451 0.865 1.149 2.180 3.078 1.940 2.084 0.976 0.780 
0.353 0.450 0.596 1.070 2.838 3.417 2.008 2.213 0.808 0.550 
0.382 0.550 0.577 0.899 2.384 3.184 1.948 1.762 1.426 0.744 
0.372 0.534 0.933 1.333 1.988 3.264 2.113 1.798 1.220 0.763 
0.377 0.374 0.921 1.256 2.598 3.321 2.380 2.107 0.680 0.769 
0.383 0.376 1.095 1.239 2.476 3.276 2.311 1.895 0.621 0.719 
0.424 0.425 1.121 1.196 2.249 3.317 2.166 1.967 0.669 0.582 
0.259 0.440 0.982 1.136 1.876 3.186 1.796 1.518 0.627 0.563 
0.192 0.413 0.997 1.397 1.964 3.376 2.213 1.953 0.640 0.821 
0.207 0.402 0.927 1.439 2.151 3.508 2.371 2.210 0.623 0.673 
0.308 0.383 0.811 1.206 1.860 3.220 2.268 2.173 0.799 0.610 
0.261 0.373 1.351 1.441 1.634 3.431 2.598 2.202 0.859 0.760 
0.357 0.244 0.897 0.890 1.195 3.176 2.747 2.361 1.026 0.876 
-999.000 -999.000 -999.000 -999.000 -999.000 2.813 2.559 2.196 0.901 0.514 
0.399 0.788 1.088 1.453 2.064 2.585 2.024 1.230 1.151 0.527 
0.297 0.359 0.710 1.046 1.787 2.556 2.116 1.513 1.391 0.625 
0.247 0.625 0.948 1.352 2.248 3.003 1.842 1.854 1.475 0.805 
0.192 0.729 1.228 1.472 2.140 2.989 1.868 2.139 1.457 0.853 
0.306 0.455 0.850 1.264 2.444 3.166 2.453 2.201 1.414 1.006 
0.358 0.449 0.946 1.236 2.194 3.180 2.515 2.140 0.993 0.926 
0.415 0.251 0.575 0.852 2.192 3.133 2.083 2.425 0.936 0.836 
0.394 0.451 0.680 1.094 2.280 3.115 1.747 1.945 1.294 0.936 
0.463 0.386 0.551 0.994 2.376 3.194 1.861 2.048 1.028 0.746 
0.477 0.418 0.429 0.759 1.879 3.127 2.202 2.190 0.930 0.741 
0.371 0.427 0.771 1.255 2.254 3.364 2.696 2.513 1.112 0.908 
0.474 0.475 0.721 1.219 2.225 3.202 2.390 2.058 0.786 1.048 
0.395 0.530 1.188 1.414 1.975 3.224 2.087 1.567 0.622 0.693 
0.276 0.484 1.229 1.421 2.172 3.514 2.133 1.856 0.650 0.645 
0.273 0.362 0.831 1.075 1.707 3.193 2.198 2.068 0.667 0.592 
0.250 0.236 0.440 0.945 1.813 3.419 2.568 2.442 0.670 0.410 
0.269 0.254 0.696 1.065 1.838 3.390 2.614 2.342 0.798 0.593 
0.360 0.295 0.864 1.042 1.161 3.084 2.641 2.082 0.871 0.798 
0.300 0.211 0.902 0.903 1.547 3.260 2.618 2.341 0.955 0.772 
0.362 0.299 0.569 0.791 1.927 3.358 2.849 2.394 1.353 0.933 
0.349 0.187 0.401 0.491 0.828 1.918 2.078 2.018 1.990 1.319 
0.356 0.508 0.631 0.807 1.139 2.316 1.836 1.889 1.865 1.237 
0.337 0.395 0.754 1.034 1.774 2.791 2.007 2.328 1.969 1.161 
0.346 0.186 0.288 0.560 1.039 2.201 2.328 2.508 2.227 1.679 
0.394 0.363 0.630 1.060 1.638 2.845 2.403 2.386 1.525 1.176 
0.379 0.358 0.652 1.318 1.965 3.012 2.312 2.469 1.532 1.318 
0.575 0.196 0.409 0.704 1.233 2.493 1.850 2.410 1.512 1.445 
0.593 0.269 0.652 1.139 2.252 3.197 1.842 2.132 0.772 0.694 
0.558 0.634 0.837 1.530 2.383 3.264 1.951 1.629 1.126 0.660 
0.421 0.667 0.651 1.383 2.003 3.108 2.086 1.834 1.284 0.899 
0.360 0.507 0.839 1.349 2.004 3.216 2.155 1.675 0.766 0.914 
0.370 0.472 0.926 1.249 2.260 3.304 2.302 2.019 0.707 0.920 
0.311 0.479 1.120 1.450 1.695 3.253 2.128 1.891 0.592 0.637 
0.244 0.301 1.232 1.257 1.539 3.184 2.021 1.749 0.644 0.555 
0.236 0.255 0.717 0.999 1.819 3.261 2.431 1.981 0.773 0.591 
0.280 0.235 0.891 1.487 2.084 3.483 2.489 2.281 0.846 0.863 
0.338 0.226 0.809 1.155 1.916 3.300 2.516 2.070 0.944 0.801 
0.309 0.349 0.813 1.106 2.336 3.620 2.924 2.347 1.167 0.979 
0.372 0.357 0.557 0.616 1.630 3.365 2.698 2.316 1.403 0.962 
0.417 0.321 0.883 0.770 1.932 3.251 2.426 1.761 1.312 0.689 
0.461 0.316 0.329 0.500 0.790 1.750 1.719 1.588 1.860 1.310 
0.562 0.231 0.354 0.597 0.971 2.116 2.194 2.629 2.568 1.804 
0.382 0.214 0.289 0.736 1.056 1.827 1.775 2.062 1.921 1.391 
0.417 0.204 0.250 0.498 0.805 1.450 1.501 1.549 1.592 1.413 
0.569 0.202 0.189 0.341 0.543 2.029 2.422 2.496 1.969 1.847 
0.404 0.213 0.260 0.390 0.613 2.509 2.459 2.967 2.407 2.017 
0.511 0.548 0.962 1.471 1.770 3.048 1.870 1.979 1.572 1.082 
0.511 0.642 1.268 2.009 2.523 3.414 2.093 1.649 1.454 0.760 
0.446 0.543 0.825 1.661 2.272 3.178 2.055 1.479 1.253 0.781 
0.436 0.593 0.988 1.572 2.180 3.453 2.325 1.820 1.152 0.979 
0.377 0.447 0.944 1.626 2.242 3.541 2.365 1.933 0.877 1.086 
0.319 0.435 1.046 1.302 1.516 3.205 2.361 1.863 0.706 0.737 
0.349 0.266 0.889 1.070 1.591 3.271 2.313 1.806 0.570 0.514 
0.320 0.278 0.809 1.019 1.948 3.335 2.480 2.118 0.743 0.551 
0.235 0.267 1.143 1.522 2.062 3.411 2.585 2.339 0.961 0.881 
0.309 0.251 1.007 1.471 2.428 3.570 2.904 2.609 1.381 1.102 
0.287 0.297 0.866 1.200 1.969 3.386 2.611 2.082 1.425 1.002 
0.297 0.289 0.819 0.882 1.587 3.356 2.377 1.796 1.276 0.816 
0.342 0.267 0.823 0.902 2.066 3.183 2.482 1.935 1.369 0.806 
0.483 0.449 0.472 0.480 0.902 2.201 2.171 2.593 2.716 1.947 
0.437 0.359 0.345 0.620 0.941 1.881 1.755 1.999 1.878 1.412 
0.469 0.249 0.231 0.498 0.962 2.107 2.152 2.252 2.062 1.504 
0.647 0.214 0.283 0.445 0.761 2.656 2.892 2.812 2.394 1.971 
0.437 0.200 0.260 0.413 0.836 2.906 2.768 2.965 2.465 1.937 
0.454 0.231 0.420 0.565 1.179 3.129 2.467 2.558 2.066 1.810 
0.488 0.452 1.353 1.750 2.540 3.362 2.264 1.829 1.445 0.996 
0.614 0.334 1.125 1.970 2.772 3.614 2.657 1.925 1.461 0.966 
0.349 0.480 0.874 1.434 2.183 3.364 2.445 1.898 1.362 0.961 
0.474 0.538 1.239 1.668 2.267 3.499 2.553 2.173 1.333 1.094 
0.505 0.398 1.062 1.372 1.958 3.363 2.404 2.054 0.885 0.881 
0.435 0.209 0.654 0.953 1.862 3.452 2.288 1.945 0.622 0.496 
0.322 0.330 0.917 1.327 2.264 3.544 2.255 2.019 0.741 0.528 
0.287 0.306 0.845 1.240 1.945 3.373 2.401 2.161 0.824 0.747 
0.227 0.284 0.833 1.034 2.031 3.489 2.792 2.484 1.118 0.913 
0.288 0.298 0.840 0.993 1.995 3.355 2.760 2.489 1.416 0.879 
0.260 0.231 0.951 1.027 1.963 3.289 2.418 1.759 1.414 0.812 
0.248 0.196 0.800 0.971 2.130 3.261 2.542 2.143 1.463 0.749 
0.544 0.343 0.800 0.915 1.767 2.935 2.020 1.610 1.212 0.592 
0.453 0.423 0.462 0.538 0.909 2.282 2.128 2.354 2.158 1.635 
0.378 0.264 0.240 0.506 0.824 2.867 2.498 2.788 2.214 1.585 
0.454 0.235 0.216 0.463 0.871 2.922 2.594 2.997 2.454 1.897 
0.385 0.198 0.189 0.313 0.810 2.797 2.698 2.639 2.160 1.945 
0.476 0.146 0.167 0.304 0.793 3.041 2.897 2.883 2.307 2.231 
0.506 0.430 0.645 1.132 1.494 3.082 2.500 2.186 1.707 1.522 
0.549 0.328 0.913 1.838 2.620 3.421 2.530 2.038 1.405 1.169 
0.537 0.410 1.011 1.663 2.486 3.455 2.779 2.213 1.516 1.101 
0.442 0.578 1.035 1.417 2.039 3.421 2.134 1.846 1.111 0.990 
0.444 0.552 1.067 1.583 2.127 3.471 2.357 1.964 0.942 0.900 
0.335 0.454 1.063 1.443 1.669 3.202 2.099 1.715 0.831 0.758 
0.326 0.448 1.270 1.707 2.001 3.390 1.925 1.559 0.706 0.603 
0.274 0.422 1.317 1.574 1.969 3.442 2.122 1.923 0.785 0.612 
0.270 0.430 0.783 0.998 1.715 3.258 2.437 2.371 0.850 0.630 
0.314 0.411 0.940 1.388 2.025 3.491 2.476 2.247 1.298 0.766 
0.273 0.300 1.081 1.400 1.897 3.137 2.489 1.713 1.340 0.666 
0.265 0.219 0.578 0.887 1.227 2.420 1.722 1.127 1.086 0.542 
0.225 0.305 0.397 0.675 1.251 2.473 1.573 1.107 1.017 0.559 
0.413 0.235 0.319 0.465 0.858 2.521 2.186 2.408 1.990 1.472 
0.340 0.239 0.370 0.681 1.267 3.004 2.454 2.873 2.116 1.608 
0.388 0.284 0.573 0.901 1.791 3.106 2.634 2.308 1.742 1.444 
0.423 0.324 1.197 1.580 2.205 3.288 2.514 1.910 1.522 0.988 
0.445 0.354 1.250 1.509 2.313 3.262 2.714 2.173 1.618 1.129 
0.510 0.258 0.981 1.321 2.105 3.245 2.726 2.302 1.688 1.351 
0.497 0.177 0.366 0.594 1.153 3.268 3.175 2.727 2.093 2.000 
0.431 0.346 0.559 0.970 1.481 2.959 2.733 2.221 1.551 1.598 
0.329 0.367 1.093 1.457 1.905 3.345 2.481 1.947 0.984 0.874 
0.380 0.499 1.149 1.489 1.959 3.222 2.241 1.984 0.775 0.746 
0.359 0.513 1.417 1.849 2.192 3.318 2.195 1.807 0.731 0.651 
0.310 0.481 1.185 1.674 2.164 3.362 2.300 1.775 0.800 0.717 
0.252 0.412 0.821 1.168 1.587 3.208 2.302 1.698 0.893 0.711 
0.283 0.385 0.784 1.176 1.581 3.175 2.588 1.695 0.879 0.537 
0.286 0.246 0.907 1.145 2.017 3.401 2.657 1.858 0.998 0.476 
0.251 0.352 0.385 0.750 1.516 2.667 2.258 1.635 1.196 0.635 
0.226 0.263 0.436 0.790 1.412 2.549 1.585 1.110 1.019 0.492 
0.187 0.483 0.789 0.980 1.550 2.312 1.665 1.002 1.151 0.540 
0.339 0.300 0.435 0.772 0.978 2.008 1.961 1.968 1.834 1.292 
0.229 0.428 0.889 1.571 2.213 3.029 1.829 1.760 1.277 0.688 
0.312 0.615 1.318 1.681 2.542 3.323 1.981 1.570 1.201 0.711 
0.379 0.351 1.151 1.594 2.206 3.245 2.608 1.786 1.297 0.894 
0.340 0.161 0.709 0.836 1.628 3.366 3.211 2.323 1.862 1.547 
0.336 0.141 0.291 0.409 1.055 3.053 3.033 2.469 2.174 1.915 
0.461 0.122 0.273 0.642 1.354 3.302 3.188 2.611 1.876 1.786 
0.470 0.184 0.229 0.427 1.380 3.010 2.955 2.467 1.675 1.806 
0.322 0.410 0.825 1.364 1.605 3.002 2.146 1.773 0.922 1.049 
0.263 0.258 0.684 1.223 1.829 3.353 2.639 2.400 1.328 1.469 
0.395 0.367 0.467 0.828 1.416 3.053 2.740 2.375 1.278 1.501 
0.221 0.417 1.060 1.464 1.988 3.196 2.296 1.664 0.743 0.756 
0.255 0.216 0.707 1.047 1.836 3.142 2.132 1.721 0.765 0.683 
0.223 0.180 0.501 0.909 1.435 3.207 2.462 2.050 0.766 0.542 
0.260 0.165 0.579 1.013 1.951 3.363 2.618 1.961 1.055 0.425 
0.318 0.317 0.697 1.217 2.096 3.275 2.506 1.673 1.325 0.688 
0.197 0.360 0.825 1.342 2.577 3.249 2.491 1.730 1.462 0.823 
0.261 0.299 0.762 1.039 2.368 3.102 2.401 1.758 1.380 0.827 
0.242 0.265 0.498 0.612 1.318 2.866 1.936 1.606 0.969 0.791 
0.198 0.635 0.934 1.652 2.278 2.954 1.632 1.290 1.251 0.496 
0.191 0.418 0.975 1.600 2.629 3.360 2.329 1.846 1.363 0.719 
0.352 0.302 0.579 0.792 1.539 2.516 2.377 1.985 1.589 1.245 
0.300 0.148 0.247 0.402 1.114 3.017 3.009 2.244 1.833 1.629 
0.332 0.198 0.232 0.403 0.834 3.167 3.255 2.764 2.067 1.824 
0.405 0.163 0.334 0.516 1.040 2.723 2.728 2.294 1.676 1.646 
0.489 0.148 0.271 0.651 1.332 2.912 2.589 2.052 1.174 1.383 
0.462 0.188 0.237 0.494 1.327 3.009 2.888 2.530 1.438 1.676 
0.463 0.134 0.227 0.387 1.514 3.320 3.288 2.843 1.747 2.138 
0.332 0.161 0.316 0.512 1.211 3.197 3.104 2.821 1.644 1.932 
0.237 0.170 0.681 1.066 1.766 3.200 2.308 2.082 0.710 0.838 
0.208 0.152 0.488 0.982 2.102 3.514 2.091 1.910 0.539 0.523 
0.298 0.250 0.546 0.861 1.831 3.139 2.208 1.837 0.798 0.549 
0.237 0.465 1.324 1.571 2.459 3.635 2.711 1.946 1.172 0.737 
0.332 0.338 0.961 1.187 2.160 3.340 2.714 2.044 1.313 0.827 
0.250 0.304 0.968 1.307 2.744 3.373 3.066 2.441 1.549 0.943 
0.277 0.343 0.940 1.075 2.276 3.063 2.498 2.138 1.381 0.757 
0.390 0.473 0.915 1.081 2.293 3.193 2.822 2.605 1.566 0.790 
0.328 0.248 0.382 0.580 0.819 1.772 1.753 1.579 1.583 1.246 
0.396 0.151 0.255 0.402 0.980 2.294 2.654 2.269 2.094 1.746 
0.412 0.240 0.264 0.331 0.756 2.326 2.644 2.172 2.012 1.681 
0.301 0.312 0.289 0.330 0.826 3.010 3.117 2.629 1.910 1.607 
0.253 0.176 0.260 0.423 1.070 3.161 3.074 2.731 2.076 1.764 
0.457 0.266 0.438 0.850 2.005 3.265 2.893 2.707 1.430 1.538 
0.379 0.399 0.772 1.063 2.317 3.521 3.012 2.676 1.143 1.525 
0.330 0.219 0.487 0.777 1.491 2.905 2.515 2.202 1.193 1.381 
0.286 0.218 0.891 1.398 1.803 3.202 2.150 2.051 0.785 0.905 
0.261 0.305 0.851 0.993 1.677 3.021 1.889 1.921 0.672 0.691 
0.313 0.351 0.644 0.828 1.687 3.169 2.452 2.261 0.671 0.593 
0.245 0.367 0.972 1.231 2.024 3.385 2.581 2.304 0.932 0.919 
0.331 0.540 1.185 1.558 2.176 3.249 2.385 2.031 1.074 0.834 
0.465 0.480 1.171 1.639 2.067 3.438 2.853 2.301 1.401 0.847 
0.641 0.644 0.614 0.826 1.665 2.660 2.978 2.881 1.930 1.346 
0.322 0.395 0.684 1.163 1.765 2.736 2.735 2.455 2.116 1.356 
0.795 1.143 0.199 0.246 0.808 2.575 2.683 2.371 2.080 1.897 
0.739 0.197 0.512 0.584 0.946 1.310 2.209 1.895 1.889 1.543 
0.377 0.071 0.253 0.642 1.154 2.882 3.374 2.938 2.556 1.925 
0.403 0.216 0.269 0.487 1.183 2.906 3.266 3.075 2.487 2.087 
0.312 0.392 0.523 0.575 1.360 2.803 2.741 1.989 1.737 1.412 
0.353 0.386 1.059 1.318 2.200 3.209 2.669 1.976 1.384 1.050 
0.265 0.437 0.894 1.094 2.224 3.052 2.612 2.224 1.307 1.227 
0.277 0.352 0.825 1.201 2.705 3.278 2.925 2.161 1.272 1.220 
0.314 0.213 0.527 0.960 2.113 2.957 2.405 2.034 0.992 1.067 
0.395 0.398 0.915 1.184 1.768 3.068 1.841 1.638 0.723 0.808 
0.338 0.374 0.735 1.033 2.001 3.048 2.170 2.036 0.663 0.886 
0.295 0.367 0.665 0.907 1.763 3.002 2.383 2.055 0.662 0.825 
0.240 0.351 0.981 1.171 2.128 3.356 2.683 2.270 0.872 1.003 
0.373 0.295 0.898 1.314 2.338 3.319 2.634 2.098 0.911 1.060 
0.407 0.185 0.900 1.396 2.027 3.124 2.458 1.933 0.951 0.678 
1.029 0.877 0.529 0.597 1.504 2.489 2.620 2.468 1.961 1.603 
1.333 1.106 0.127 0.249 0.815 2.184 2.828 2.828 2.630 2.372 
0.208 0.392 0.482 1.058 2.556 2.415 2.167 1.732 1.301 0.746 
0.395 0.432 0.796 1.200 2.443 2.580 2.132 1.591 1.321 0.642 
0.479 0.133 0.310 0.464 1.228 2.595 2.896 2.416 2.271 1.663 
0.432 0.147 0.253 0.422 1.651 3.164 3.504 2.645 2.418 1.947 
0.446 0.428 0.602 0.843 1.344 2.886 2.730 2.237 1.987 1.541 
0.378 0.473 0.823 1.253 2.421 3.293 2.749 1.890 1.436 1.037 
0.309 0.451 0.765 1.081 2.806 3.217 2.779 2.059 1.358 1.078 
0.340 0.477 1.138 1.192 2.652 3.018 2.630 2.119 1.627 1.035 
0.422 0.375 1.153 1.489 3.057 3.431 2.424 1.972 1.159 0.810 
0.438 0.397 0.930 1.199 2.661 3.261 2.515 2.006 0.985 0.907 
0.278 0.459 0.910 1.346 2.402 3.123 2.212 1.818 0.648 0.679 
0.286 0.296 0.963 1.217 2.097 2.949 2.404 1.800 0.559 0.679 
0.312 0.243 1.059 1.299 1.964 3.109 2.408 1.847 0.738 0.959 
0.312 0.257 0.950 1.411 2.549 3.473 2.471 1.963 0.782 0.766 
0.357 0.253 0.807 1.154 2.285 3.355 2.474 2.196 0.874 0.521 
0.606 0.491 1.318 1.686 2.452 3.341 2.639 2.380 1.345 0.820 
0.595 0.513 1.040 1.534 2.343 3.088 2.416 2.030 1.506 0.772 
0.859 1.110 0.256 0.293 0.781 2.689 2.967 2.922 2.693 1.907 
0.893 0.983 0.231 0.235 0.713 2.557 2.758 2.538 2.522 2.028 
0.776 1.024 0.193 0.244 0.756 2.282 2.824 2.654 2.586 2.012 
0.423 0.336 0.337 0.751 1.893 2.529 2.240 2.278 1.470 1.043 
0.380 0.421 0.419 0.851 1.932 2.558 2.024 1.849 1.293 0.976 
0.226 0.510 0.802 1.292 2.709 2.577 2.064 1.746 1.305 0.782 
0.208 0.477 1.005 1.396 2.967 2.839 2.229 1.646 1.372 0.737 
0.441 0.427 0.770 0.848 1.998 2.586 2.063 1.905 1.685 1.041 
0.502 0.119 0.264 0.472 1.532 3.050 3.469 2.390 2.463 1.855 
0.467 0.164 0.325 0.496 1.258 3.004 3.402 2.709 2.595 1.981 
0.368 0.492 1.304 1.662 2.538 3.059 2.655 1.710 1.403 1.029 
0.486 0.456 0.945 1.488 3.217 3.329 2.878 2.505 1.674 1.165 
0.329 0.438 1.007 1.265 2.711 3.021 2.563 2.120 1.633 1.009 
0.279 0.442 1.141 1.640 3.313 3.510 2.380 1.809 1.353 0.679 
0.446 0.405 1.100 1.734 3.036 3.516 2.703 2.159 1.527 0.824 
0.421 0.543 1.286 1.775 2.764 3.137 2.214 1.797 0.871 0.637 
0.295 0.389 0.933 1.413 2.151 3.185 2.322 1.943 0.770 0.748 
0.369 0.263 0.792 1.272 2.183 3.260 2.278 1.991 0.747 0.788 
0.381 0.190 0.887 1.628 2.815 3.685 2.961 2.244 0.886 0.539 
0.383 0.254 0.903 1.255 2.461 3.335 2.585 2.105 0.886 0.440 
0.568 0.515 1.319 1.384 2.227 3.158 2.085 1.722 0.852 0.692 
0.311 0.447 1.107 1.448 2.108 3.293 2.655 2.218 1.578 0.866 
0.623 1.117 0.795 0.996 1.371 2.873 2.695 2.449 2.208 1.586 
0.837 1.209 0.348 0.442 1.102 3.025 2.948 2.639 2.607 1.835 
0.695 0.863 0.384 0.464 1.324 2.854 2.669 2.504 2.403 1.696 
0.315 0.380 0.475 1.000 2.214 2.416 1.890 1.796 1.429 0.796 
0.444 0.452 0.391 0.967 1.972 2.580 2.018 1.851 1.495 1.097 
0.413 0.459 0.763 1.268 2.750 3.161 2.239 2.038 1.450 0.941 
0.261 0.617 0.869 1.157 2.774 2.875 2.290 1.835 1.358 0.892 
0.320 0.596 0.936 1.183 2.769 3.047 2.460 1.899 1.415 0.846 
0.415 0.592 1.104 1.352 2.796 2.980 2.269 1.515 1.369 0.652 
0.591 0.223 0.307 0.492 1.051 2.204 2.238 1.705 1.796 1.314 
0.396 0.258 0.379 0.885 2.132 3.026 2.785 2.298 1.798 1.372 
0.451 0.389 0.599 1.049 2.455 3.137 2.656 2.340 1.685 1.217 
0.356 0.429 0.845 1.278 2.798 3.261 2.756 2.075 1.568 1.081 
0.351 0.345 1.113 1.347 2.728 3.176 2.597 2.054 1.603 1.176 
0.403 0.320 0.611 1.352 2.532 3.278 2.196 1.762 1.479 0.774 
0.382 0.427 0.774 1.599 2.545 3.209 2.339 1.526 1.453 0.593 
0.552 0.387 0.837 1.359 2.419 3.329 2.317 1.765 0.973 0.678 
0.402 0.227 0.694 1.073 2.033 3.240 2.030 1.597 0.690 0.913 
0.338 0.189 0.740 1.212 2.337 3.390 2.394 2.071 0.983 0.736 
0.441 0.169 0.838 1.027 2.596 3.573 2.658 2.051 0.964 0.622 
0.316 0.326 0.814 0.976 2.522 3.371 2.331 1.831 0.906 0.584 
0.254 0.494 0.980 1.435 2.312 3.282 2.486 2.077 1.270 0.632 
0.210 0.403 0.954 1.488 2.146 3.279 2.198 1.450 1.431 0.633 
0.330 0.413 0.798 1.207 2.097 3.078 2.373 1.620 1.496 0.636 
0.294 0.254 0.547 1.168 2.370 3.265 2.350 1.570 1.496 0.547 
0.333 0.454 0.933 1.517 2.535 3.269 2.430 1.699 1.733 0.551 
0.464 0.369 0.397 1.077 1.598 2.395 1.833 1.728 1.080 0.802 
0.294 0.436 0.812 1.145 2.071 2.665 1.990 1.979 1.412 0.920 
0.270 0.453 0.839 1.336 2.141 2.939 2.158 2.042 1.468 0.866 
0.393 0.412 0.765 1.098 1.983 2.816 2.001 1.940 1.658 1.166 
0.343 0.435 0.749 1.113 2.040 2.929 2.043 1.976 1.596 1.003 
0.301 0.417 0.620 1.039 2.715 3.012 2.084 1.768 1.394 0.798 
0.360 0.631 0.994 1.295 2.630 2.976 2.104 1.568 1.119 0.600 
0.364 0.430 0.729 0.746 1.530 2.390 2.154 1.586 1.469 1.088 
0.340 0.181 0.223 0.462 0.860 2.217 2.221 1.906 1.897 1.386 
0.229 0.131 0.453 0.905 2.425 2.959 2.559 2.033 1.537 1.254 
0.273 0.349 0.607 1.017 2.583 2.885 2.408 1.913 1.456 1.236 
0.383 0.372 1.038 1.674 2.831 3.096 2.489 1.807 1.618 1.235 
0.392 0.354 1.218 1.715 2.907 3.327 2.571 1.766 1.607 1.293 
0.340 0.320 0.947 1.389 2.614 3.004 2.413 1.727 1.625 1.073 
1.028 1.070 1.341 1.561 2.036 2.062 1.427 1.090 1.074 0.685 
0.558 0.655 0.847 1.238 2.323 3.350 2.361 1.799 1.528 0.809 
0.437 0.257 0.760 1.229 2.198 3.224 2.261 1.753 1.094 0.741 
0.350 0.250 0.874 1.107 2.373 3.304 2.181 1.831 0.796 0.769 
0.355 0.260 0.971 1.357 2.644 3.552 2.769 2.110 0.850 0.570 
0.294 0.283 0.888 1.286 2.612 3.352 2.607 1.892 0.931 0.448 
0.383 0.396 0.826 1.200 2.563 3.013 2.230 1.650 1.093 0.617 
0.265 0.327 0.834 1.517 2.310 3.176 2.123 1.538 1.376 0.626 
0.308 0.349 0.873 1.286 2.462 3.291 2.708 2.052 1.639 0.764 
0.242 0.348 0.807 1.231 2.449 3.399 2.829 2.286 1.854 0.706 
0.466 0.382 1.245 1.622 2.788 3.355 2.734 1.960 1.935 0.717 
0.759 0.384 1.255 1.423 2.478 3.268 2.582 1.779 1.962 0.679 
-999.000 -999.000 -999.000 -999.000 -999.000 2.215 1.380 1.247 0.890 0.561 
0.342 0.567 0.777 1.031 1.435 2.292 1.561 1.383 1.038 0.671 
0.356 0.425 0.616 1.002 1.405 2.406 1.718 1.558 1.154 0.701 
0.325 0.322 0.462 0.664 0.995 2.117 1.723 1.518 1.497 1.005 
0.386 0.500 0.435 0.939 1.988 2.753 1.591 1.617 1.413 0.966 
0.407 0.461 0.367 1.025 1.979 2.940 1.407 1.159 1.170 0.701 
0.366 0.536 0.215 0.699 2.377 3.073 1.853 1.152 1.033 0.829 
0.362 0.288 0.236 0.372 0.973 1.932 2.180 1.734 2.077 1.666 
0.384 0.233 0.645 1.236 2.795 3.033 2.636 2.185 1.750 1.443 
0.296 0.498 1.067 1.763 3.190 3.428 2.818 2.120 1.928 1.418 
0.368 0.503 1.190 1.726 2.932 3.255 2.524 1.931 1.787 1.314 
0.457 0.509 0.466 0.986 1.345 2.754 2.059 1.427 1.490 0.642 
0.390 0.534 0.610 1.172 1.951 3.025 2.473 1.975 1.757 0.860 
0.452 0.421 0.986 1.465 2.237 3.120 2.193 1.854 1.498 0.706 
0.313 0.236 0.793 1.376 2.007 3.121 2.107 1.603 0.777 0.606 
0.319 0.283 0.848 1.266 2.208 3.008 2.223 1.477 0.597 0.481 
0.327 0.186 0.737 1.250 2.463 3.289 2.444 1.629 0.676 0.451 
0.609 0.463 1.213 1.582 2.480 3.264 2.540 2.037 0.921 0.621 
0.481 0.369 1.211 1.700 2.797 3.350 2.264 1.917 1.505 0.697 
0.292 0.371 1.019 1.525 2.303 3.296 2.491 1.914 1.618 0.754 
0.340 0.422 0.976 1.153 1.921 3.046 2.597 1.982 1.725 0.707 
0.274 0.274 0.956 1.325 2.249 3.206 2.619 1.910 1.774 0.645 
0.363 0.283 0.927 1.400 2.436 3.259 2.657 1.749 1.817 0.622 
0.391 0.435 0.491 0.607 0.851 2.159 1.587 1.546 1.016 0.935 
0.517 0.508 0.556 0.849 1.141 2.362 1.792 1.727 1.393 1.095 
0.374 0.600 0.531 0.863 1.151 2.744 2.143 2.214 1.971 1.356 
0.427 0.485 0.359 1.040 2.088 3.221 2.027 2.093 1.613 1.183 
0.499 0.411 0.324 0.980 1.630 2.994 2.074 1.565 1.350 1.054 
0.197 0.347 0.497 1.074 1.803 2.873 2.109 1.884 1.524 1.224 
0.204 0.549 0.641 1.181 1.618 2.711 2.207 2.063 1.594 1.218 
0.337 0.315 0.470 0.721 1.518 2.632 2.293 1.997 1.675 1.407 
0.292 0.375 0.888 1.112 3.356 3.313 2.695 1.990 1.442 1.046 
0.333 0.531 0.855 1.355 3.045 3.424 2.729 2.099 1.692 1.028 
0.452 0.419 0.727 1.232 3.121 3.331 2.705 2.084 1.789 1.043 
0.555 0.576 0.734 1.067 2.196 2.942 2.759 2.085 2.013 1.017 
0.560 0.507 0.780 1.050 1.815 2.771 2.412 1.756 2.006 0.910 
0.437 0.427 0.565 1.094 2.176 3.186 2.534 1.946 1.769 0.899 
0.503 0.602 0.638 1.183 2.036 3.265 2.374 2.003 1.612 0.811 
0.349 0.403 0.933 1.512 2.446 3.312 2.188 1.879 1.036 0.706 
0.321 0.286 0.969 1.386 2.189 3.354 2.238 1.594 0.580 0.658 
0.448 0.266 1.070 1.676 2.544 3.126 2.475 1.857 0.703 0.594 
0.577 0.487 1.390 1.713 2.574 3.353 2.708 2.122 0.838 0.613 
0.421 0.297 1.311 1.787 2.774 3.399 2.383 1.978 1.174 0.657 
0.366 0.487 1.426 1.964 2.676 3.379 2.497 1.749 1.339 0.727 
0.366 0.328 1.247 1.573 2.349 3.213 2.557 1.983 1.601 0.678 
0.390 0.263 1.040 1.572 2.628 3.340 2.897 2.238 1.937 0.897 
0.309 0.147 0.964 1.538 2.601 3.518 2.974 2.258 1.956 0.838 
0.333 0.192 0.631 0.979 2.646 3.497 2.839 1.945 1.744 0.602 
0.519 0.631 0.504 0.941 1.781 2.424 2.077 1.765 1.402 1.192 
0.340 0.476 0.415 1.056 1.592 2.930 2.062 2.108 1.737 1.217 
0.364 0.323 0.387 0.773 0.946 2.613 2.000 2.115 1.910 1.384 
0.381 0.212 0.331 0.643 1.153 2.612 2.103 1.814 1.698 1.407 
0.378 0.205 0.337 0.877 1.931 3.135 2.304 2.095 1.477 1.332 
0.351 0.414 0.473 1.418 1.577 2.988 2.195 2.034 1.188 1.075 
0.283 0.544 0.806 1.470 1.804 3.094 2.731 2.472 1.492 0.978 
0.275 0.491 0.629 1.006 2.767 3.215 2.554 2.018 1.505 1.019 
0.258 0.408 0.710 1.022 2.736 3.419 2.817 2.278 1.739 1.039 
0.285 0.484 0.747 1.202 2.698 3.190 2.507 1.867 1.689 0.833 
0.423 0.288 0.819 1.303 2.180 2.966 2.305 1.846 1.850 0.844 
0.368 0.348 0.637 1.137 2.211 2.983 2.501 2.036 2.134 1.044 
0.435 0.335 0.772 1.375 2.206 2.860 2.260 1.862 1.771 0.848 
0.322 0.396 0.935 1.398 2.279 3.238 2.187 1.820 1.439 0.703 
0.322 0.294 0.872 1.319 2.179 3.138 1.899 1.616 1.207 0.685 
0.372 0.269 0.816 1.156 2.309 3.491 2.339 1.667 0.605 0.642 
0.342 0.322 0.830 1.194 2.186 3.201 2.407 1.954 0.645 0.626 
0.364 0.279 1.034 1.438 2.256 2.940 2.385 1.726 0.739 0.523 
0.343 0.269 1.197 1.729 2.622 3.147 2.537 1.682 0.908 0.557 
0.331 0.482 1.419 1.883 2.472 3.257 2.407 1.660 1.366 0.664 
0.381 0.350 1.219 1.485 1.904 3.019 2.595 1.769 1.541 0.629 
0.404 0.333 1.105 1.314 2.519 3.320 2.851 2.175 1.866 0.773 
0.319 0.173 0.689 1.073 2.658 3.478 2.888 2.023 1.779 0.610 
0.492 0.214 1.209 1.748 2.811 3.301 2.894 1.891 1.901 0.790 
0.428 0.452 0.573 0.838 1.551 2.542 2.275 2.018 1.328 1.106 
0.417 0.378 0.466 0.667 1.380 2.436 2.233 2.101 1.724 1.343 
0.324 0.279 0.464 0.760 1.302 2.659 1.978 2.151 2.019 1.404 
0.449 0.191 0.429 0.957 1.681 2.823 1.971 2.075 1.595 1.319 
0.464 0.212 0.349 0.990 1.989 3.035 1.540 1.767 1.329 1.176 
0.307 0.334 1.303 1.527 2.244 3.306 2.707 2.643 1.461 0.911 
0.461 0.426 0.683 1.185 2.722 3.112 2.580 1.945 1.357 0.716 
0.330 0.389 0.450 1.141 2.233 3.120 2.606 1.992 1.562 0.914 
0.273 0.365 0.580 0.757 2.686 3.355 2.768 2.320 1.742 0.943 
0.364 0.399 1.106 1.573 2.660 3.137 2.641 2.054 1.669 0.898 
0.305 0.312 1.340 1.789 2.937 3.174 2.368 1.880 1.765 0.767 
0.343 0.307 1.120 1.744 2.697 3.040 2.478 1.903 1.738 0.717 
0.329 0.424 1.291 1.719 2.371 3.066 2.405 1.893 1.752 0.760 
0.313 0.219 1.205 1.810 2.800 3.647 2.744 2.236 1.704 0.963 
0.401 0.271 0.952 1.462 2.191 3.225 2.185 1.929 1.329 0.670 
0.357 0.345 0.701 1.304 2.238 3.381 2.198 1.809 0.811 0.669 
0.377 0.434 0.909 1.213 1.911 3.009 2.058 1.522 0.594 0.598 
0.355 0.317 0.940 1.612 2.446 2.954 2.293 1.626 0.673 0.512 
0.353 0.282 1.259 1.865 2.677 3.383 2.681 1.542 0.849 0.577 
0.303 0.313 1.030 1.472 2.513 3.372 2.765 1.842 1.404 0.691 
0.270 0.352 0.926 1.642 2.551 3.431 2.824 1.952 1.574 0.835 
0.392 0.234 1.072 1.474 2.580 3.310 2.801 2.033 1.817 0.845 
0.235 0.196 1.076 1.641 2.596 3.385 2.910 2.005 1.991 0.796 
0.230 0.167 1.155 1.573 2.700 3.311 2.958 2.176 1.956 0.873 
0.341 0.254 0.802 1.063 2.359 3.119 2.836 1.977 1.994 0.741 
0.364 0.331 0.601 0.733 1.608 2.817 2.321 2.427 1.688 1.404 
0.364 0.402 0.573 0.832 1.684 2.867 2.353 2.481 1.734 1.471 
0.369 0.285 0.485 0.716 1.603 3.012 2.156 2.033 1.559 1.231 
0.279 0.285 0.454 1.041 2.295 3.103 1.622 1.568 1.314 1.105 
0.425 0.341 0.538 1.245 2.728 3.281 2.298 1.933 1.148 0.966 
0.305 0.495 0.537 1.101 2.478 3.151 2.335 2.091 0.986 0.920 
0.268 0.391 0.550 1.027 2.921 3.243 2.184 1.877 1.094 0.767 
0.323 0.404 0.598 1.126 2.769 3.074 2.042 1.666 1.409 0.753 
0.160 0.356 0.984 1.481 2.790 3.065 2.461 1.715 1.463 0.672 
0.250 0.417 0.974 1.709 2.726 2.998 2.466 1.761 1.605 0.873 
0.357 0.817 1.258 1.844 2.648 2.992 2.279 1.883 1.579 0.713 
0.361 0.613 1.316 1.954 2.658 3.167 2.574 2.177 1.663 0.814 
0.404 0.461 1.257 1.675 2.085 2.998 2.407 1.851 1.675 0.737 
0.363 0.357 1.093 1.724 2.372 3.271 2.264 1.735 1.467 0.667 
0.475 0.388 1.681 1.882 2.474 3.364 2.284 1.993 1.104 0.592 
0.507 0.844 1.110 1.423 2.290 3.389 2.295 2.043 0.955 0.659 
0.566 0.826 1.094 1.277 2.209 3.087 2.067 1.720 0.858 0.666 
0.569 0.330 0.725 1.162 1.571 3.050 2.818 1.907 1.162 0.884 
0.307 0.356 1.026 1.813 2.836 3.505 2.744 1.770 0.920 0.627 
0.354 0.313 1.171 1.895 2.988 3.610 3.028 2.176 1.295 0.747 
0.369 0.457 0.956 1.522 2.797 3.632 2.960 2.082 1.603 0.836 
0.483 0.377 1.361 1.659 2.660 3.426 2.994 2.305 1.938 0.974 
0.488 0.253 0.973 1.043 1.625 2.696 2.989 2.574 2.376 1.272 
0.243 0.214 0.945 1.310 2.461 3.308 2.858 2.192 1.841 0.805 
0.412 0.361 0.543 0.708 1.878 2.994 2.718 2.202 2.001 0.765 
0.403 0.362 0.409 0.540 1.877 2.623 2.220 1.889 1.960 0.668 
0.406 0.261 0.442 0.652 1.893 2.946 2.393 2.360 1.638 1.468 
0.450 0.264 0.506 0.876 2.397 3.429 2.324 2.322 1.736 1.361 
0.347 0.336 0.505 0.915 2.183 2.879 2.025 1.896 1.380 1.138 
0.279 0.258 0.487 1.192 2.839 3.454 2.482 2.270 1.476 1.272 
0.280 0.354 0.510 1.204 2.727 3.245 2.258 2.091 1.025 1.076 
0.239 0.518 0.615 1.186 2.653 3.343 2.397 1.949 0.923 0.691 
0.259 0.459 0.451 1.264 2.950 3.307 2.017 1.676 1.129 0.676 
0.284 0.552 0.815 1.218 2.453 2.929 2.522 1.831 1.501 0.787 
0.311 0.511 1.103 1.622 2.626 2.705 2.050 1.433 1.285 0.704 
0.354 0.631 1.177 1.572 2.375 2.951 2.240 1.690 1.292 0.676 
0.387 0.482 1.428 1.615 2.050 3.146 2.616 2.285 1.584 0.804 
0.453 0.365 1.403 1.687 2.166 3.132 2.538 2.081 1.605 0.793 
0.395 0.243 1.212 1.521 2.236 3.053 2.216 1.819 1.601 0.709 
0.327 0.315 1.291 1.560 2.458 3.192 2.281 1.807 1.373 0.643 
0.341 0.422 1.156 1.425 2.479 3.135 2.212 1.855 0.913 0.660 
0.432 0.638 0.933 1.252 1.962 3.124 2.113 1.768 0.772 0.511 
0.536 0.315 0.584 0.862 1.793 3.202 2.799 2.303 1.165 1.070 
0.505 0.357 0.910 1.431 2.088 2.994 2.602 1.892 1.030 0.809 
0.420 0.276 1.556 2.148 3.321 3.776 3.093 2.242 1.209 0.868 
0.386 0.338 1.529 1.901 3.046 3.649 3.052 2.234 1.583 0.860 
0.239 0.487 1.605 1.980 2.959 3.293 2.967 2.262 1.726 0.850 
0.585 0.185 0.412 0.363 1.015 1.879 2.607 2.070 2.403 1.391 
0.405 0.571 0.964 1.219 1.693 2.497 2.444 1.713 1.879 0.914 
0.502 0.389 0.599 0.516 1.357 1.857 2.604 2.447 2.522 1.555 
0.516 0.475 0.448 0.443 0.651 1.687 2.861 2.288 2.598 1.489 
-999.000 -999.000 -999.000 -999.000 -999.000 2.482 2.024 1.942 1.363 1.066 
0.434 0.225 0.533 0.781 1.897 3.078 2.444 2.458 1.486 1.277 
0.359 0.300 0.478 0.816 1.924 2.910 2.297 2.259 1.540 1.178 
0.337 0.296 0.433 0.962 2.337 2.813 1.934 2.071 1.301 1.205 
0.317 0.323 0.661 1.367 2.841 3.229 2.246 2.022 1.463 1.304 
0.339 0.346 0.725 1.145 2.463 3.009 2.200 1.842 0.994 0.861 
0.382 0.418 0.455 1.113 2.542 3.077 2.132 1.720 1.047 0.695 
0.374 0.565 0.561 1.106 2.746 2.947 2.464 1.959 1.484 0.982 
0.213 0.286 1.163 1.721 2.748 3.263 2.520 2.026 1.632 0.738 
0.242 0.394 1.286 1.650 2.817 3.350 2.580 1.969 1.600 0.880 
0.365 0.406 1.359 1.605 2.141 3.117 2.560 1.961 1.485 0.807 
0.488 0.378 1.337 1.728 2.217 3.163 2.427 1.927 1.436 0.564 
0.302 0.475 1.121 1.529 2.118 2.998 2.104 1.802 1.430 0.663 
0.343 0.392 1.341 1.702 2.052 2.957 2.134 1.580 1.426 0.584 
0.363 0.435 1.340 1.664 2.171 3.023 2.082 1.485 1.092 0.546 
0.426 0.530 0.998 1.225 2.089 3.026 2.021 1.763 0.838 0.533 
0.535 0.477 0.777 1.377 2.398 3.233 2.180 1.771 0.759 0.547 
0.492 0.240 0.552 0.913 1.772 2.883 2.657 2.238 1.088 1.018 
0.497 0.399 1.110 1.621 2.963 3.464 2.998 2.223 0.909 0.803 
0.368 0.283 1.363 1.802 2.752 3.184 2.683 1.861 1.162 0.689 
0.333 0.290 0.991 1.174 1.894 2.484 2.508 2.002 1.600 0.817 
0.450 0.180 0.470 0.453 1.156 1.895 2.389 1.940 2.200 1.326 
0.490 0.295 0.355 0.426 0.716 1.756 2.091 1.493 2.171 1.117 
0.477 0.675 1.153 1.507 2.424 3.184 2.467 2.012 1.872 0.805 
0.234 0.481 1.251 1.272 2.204 3.052 2.880 1.779 1.776 0.750 
0.298 0.777 1.159 1.478 2.409 3.014 2.727 1.671 1.814 0.646 
0.487 0.211 0.627 0.542 1.618 2.504 2.187 2.052 1.341 1.141 
0.315 0.334 0.565 0.654 1.618 2.426 2.128 1.601 1.326 0.875 
0.350 0.362 0.698 0.843 1.953 2.474 1.797 1.803 1.504 0.934 
0.276 0.398 0.904 1.154 2.090 2.741 1.719 1.644 1.260 0.706 
0.389 0.424 1.107 1.556 2.464 3.214 1.979 1.860 1.117 0.812 
0.502 0.490 0.573 1.210 2.742 3.048 2.190 2.254 1.136 0.785 
0.439 0.361 0.537 0.953 2.400 2.910 2.385 2.392 1.378 0.978 
0.288 0.487 0.911 1.407 2.493 3.258 2.438 2.307 1.530 0.756 
0.237 0.351 1.390 1.951 2.939 3.366 2.427 1.989 1.463 0.819 
0.326 0.452 1.212 1.757 2.570 3.543 2.759 2.278 1.538 0.884 
0.597 0.532 1.234 1.702 2.144 3.317 2.444 1.980 1.476 0.580 
0.329 0.603 1.267 1.893 2.184 3.282 2.337 2.305 1.572 0.707 
0.285 0.398 1.186 1.548 1.952 2.881 1.932 1.580 1.300 0.540 
0.362 0.431 1.464 1.761 2.217 3.221 2.004 1.386 1.332 0.531 
0.374 0.331 1.416 1.643 2.320 3.184 1.976 1.577 1.309 0.633 
0.409 0.340 0.692 0.739 1.459 2.536 2.323 2.014 1.410 0.994 
0.486 0.183 0.202 0.269 0.553 2.307 2.980 2.632 1.762 1.639 
0.373 0.348 0.680 1.028 1.404 2.640 2.759 2.182 1.329 1.157 
0.407 0.507 1.258 1.612 2.197 2.829 2.606 2.044 1.235 0.730 
0.435 0.344 1.103 1.399 2.200 2.634 2.445 2.026 1.634 0.845 
0.488 0.138 0.348 0.523 1.130 1.962 2.512 2.427 2.267 1.431 
0.272 0.229 1.210 1.842 2.393 3.344 2.598 2.140 1.737 0.813 
0.304 0.417 1.287 1.606 2.585 3.341 2.778 2.100 1.893 0.839 
0.327 0.532 1.385 1.534 2.480 3.109 2.744 1.900 1.744 0.757 
0.269 0.471 1.128 1.181 1.999 2.743 2.644 1.772 1.877 0.715 
0.358 0.477 0.808 0.677 2.035 2.215 1.934 1.129 1.141 0.569 
0.380 0.406 0.920 0.959 2.717 2.510 1.927 1.445 1.396 0.541 
0.224 0.605 0.992 1.116 2.091 2.531 1.724 1.487 1.260 0.530 
0.177 0.398 1.082 1.348 2.317 3.028 1.713 1.897 0.882 0.653 
0.536 0.391 0.475 1.096 2.377 2.876 2.420 1.904 1.060 0.753 
0.421 0.246 0.445 1.379 2.737 3.069 2.317 1.926 0.872 0.441 
0.386 0.515 1.517 2.169 3.034 3.736 2.787 2.213 1.551 0.743 
0.296 0.286 1.385 2.038 2.827 3.505 2.610 2.077 1.442 0.682 
0.296 0.320 1.036 1.497 2.218 3.144 2.556 2.126 1.464 0.609 
0.308 0.240 1.298 1.892 2.197 3.014 2.323 1.893 1.391 0.631 
0.237 0.222 1.170 1.761 2.308 3.017 2.080 1.640 1.235 0.609 
0.345 0.347 1.274 1.744 2.368 2.841 2.194 1.870 1.469 0.576 
0.486 0.464 1.549 1.950 2.983 3.020 2.232 1.947 1.554 0.566 
0.450 0.504 1.126 1.388 2.479 2.998 2.564 2.249 1.649 0.822 
0.457 0.165 0.293 0.376 0.893 1.957 2.871 2.740 2.377 1.641 
0.497 0.169 0.284 0.386 0.547 1.639 2.983 2.781 2.541 1.724 
0.514 0.253 0.598 0.745 1.840 2.210 2.657 2.315 2.032 1.203 
0.438 0.357 0.710 0.969 2.402 3.088 3.031 2.356 1.984 0.914 
0.306 0.355 1.213 1.429 2.358 3.398 2.768 2.196 1.590 0.741 
0.244 0.207 1.174 1.722 2.386 3.422 2.770 1.951 1.684 0.768 
0.336 0.437 1.313 1.724 2.857 3.486 2.839 2.121 1.848 0.879 
0.370 0.322 0.962 1.211 2.232 3.261 2.796 1.928 1.814 0.771 
0.419 0.251 0.618 0.883 2.208 3.304 2.856 2.020 1.712 0.707 
0.395 0.289 0.357 0.668 2.239 3.177 2.783 2.139 1.851 0.757 
0.388 0.462 1.009 1.291 2.486 2.604 2.049 1.657 1.477 0.610 
0.309 0.273 1.153 1.237 2.463 2.966 2.086 1.773 1.439 0.699 
0.168 0.305 1.390 1.787 2.705 3.118 1.379 1.917 0.819 0.727 
0.382 0.410 0.651 1.468 2.714 3.069 2.167 1.894 1.024 0.558 
0.276 0.310 0.678 1.585 2.665 3.221 2.433 1.854 1.322 0.483 
0.317 0.278 1.386 2.040 2.891 3.190 2.414 1.941 1.424 0.540 
0.310 0.353 1.052 1.785 2.388 3.281 2.505 2.278 1.571 0.632 
0.401 0.350 1.284 1.832 2.646 3.096 2.585 2.101 1.473 0.674 
0.465 0.487 1.674 2.167 2.974 3.209 2.369 1.791 1.477 0.717 
0.447 0.475 1.225 1.841 3.208 2.869 2.230 1.979 1.370 0.662 
0.311 0.549 1.018 1.698 3.022 2.818 2.051 1.691 1.366 0.554 
0.327 0.413 0.882 1.489 2.749 3.144 2.444 2.136 1.410 0.550 
0.378 0.345 0.517 0.794 2.215 2.690 2.585 2.278 1.961 0.884 
0.465 0.332 0.858 1.179 1.901 2.611 2.527 2.372 2.115 1.096 
0.489 0.485 1.122 1.614 2.428 3.146 2.753 2.104 1.830 0.788 
0.373 0.302 1.105 1.563 2.802 3.556 3.043 2.388 1.872 0.789 
0.338 0.370 1.537 1.737 2.799 3.507 2.903 2.397 1.779 0.808 
0.308 0.382 1.399 1.988 2.491 3.379 2.713 2.003 1.632 0.712 
0.246 0.332 1.436 1.888 3.011 3.677 2.927 2.287 1.813 0.781 
0.371 0.353 1.124 1.249 2.603 3.411 2.901 2.242 1.962 0.800 
0.436 0.262 0.535 0.947 2.568 3.475 2.934 2.411 1.954 0.703 
0.479 0.258 0.565 0.875 2.462 3.465 2.920 2.279 1.840 0.696 
0.564 0.622 0.686 0.885 2.298 3.300 2.715 1.968 1.794 0.707 
0.553 0.359 0.727 1.103 2.110 2.429 1.852 1.621 1.301 0.629 
0.350 0.273 0.773 1.493 2.610 3.209 2.389 2.008 0.940 0.447 
0.300 0.255 0.685 1.570 2.896 3.501 2.580 2.043 1.248 0.444 
0.171 0.264 0.695 1.469 1.966 2.566 2.177 1.735 1.192 0.423 
0.184 0.183 0.650 1.278 1.965 2.272 1.677 1.361 1.139 0.397 
0.369 0.425 1.020 1.715 2.744 2.923 2.216 1.808 1.293 0.705 
0.387 0.560 1.565 2.037 3.255 3.135 2.623 2.275 1.519 0.743 
0.300 0.694 1.046 2.072 3.562 3.353 2.700 2.222 1.535 0.697 
0.336 0.401 1.092 1.425 2.877 2.849 2.220 1.792 1.325 0.566 
0.410 0.264 0.914 1.265 2.650 2.779 2.202 1.557 1.233 0.460 
0.363 0.429 1.214 1.694 2.907 3.190 2.506 1.924 1.409 0.704 
0.231 0.415 1.455 1.782 2.767 3.230 2.572 2.074 1.544 0.755 
0.294 0.448 1.562 1.859 2.575 3.229 2.743 2.174 1.673 0.751 
0.482 0.500 1.123 1.602 2.486 3.218 2.891 2.195 1.593 0.652 
0.350 0.357 1.489 1.934 2.862 3.337 2.902 2.341 1.864 0.805 
0.362 0.411 1.414 1.680 2.714 3.233 2.731 2.000 1.866 0.682 
0.464 0.404 1.740 1.908 2.744 3.745 2.976 2.314 1.691 0.714 
0.403 0.453 1.456 1.741 2.881 3.626 3.268 2.530 2.005 0.871 
0.347 0.356 0.696 1.176 2.525 3.387 2.884 2.321 1.864 0.710 
0.412 0.473 0.677 1.302 2.584 3.509 2.752 1.981 1.428 0.509 
0.301 0.665 0.767 1.404 2.787 3.583 2.872 1.772 1.468 0.514 
-999.000 -999.000 -999.000 -999.000 -999.000 1.795 1.588 1.171 0.951 0.549 
0.344 0.202 0.796 1.405 2.299 1.856 1.659 1.301 1.052 0.566 
0.425 0.401 0.398 0.542 1.092 1.683 2.118 2.032 1.450 1.090 
0.298 0.227 0.559 1.081 1.640 2.424 2.068 1.890 1.156 0.869 
0.289 0.424 0.942 1.486 2.098 3.100 2.155 1.998 1.004 0.594 
0.303 0.355 1.212 1.717 2.082 3.138 2.330 1.870 1.228 0.543 
0.365 0.265 1.385 1.570 2.058 2.765 2.225 1.786 1.235 0.595 
0.182 0.128 0.712 1.301 1.743 2.201 1.639 1.416 0.792 0.723 
0.665 1.125 1.014 1.611 2.990 2.394 2.045 1.714 1.352 0.704 
0.442 0.707 1.020 1.961 3.439 2.890 2.460 2.053 1.413 0.643 
0.423 0.437 1.443 1.754 2.988 2.797 2.339 2.094 1.534 0.659 
0.396 0.476 1.378 1.415 2.781 2.734 2.308 1.834 1.450 0.523 
0.360 0.341 1.575 1.674 2.692 2.954 2.495 1.932 1.420 0.546 
0.215 0.337 1.491 1.972 2.683 3.334 2.698 2.187 1.462 0.731 
0.282 0.323 1.193 1.583 2.673 3.264 2.736 2.225 1.450 0.774 
0.316 0.563 0.989 1.792 2.563 3.185 2.671 2.066 1.610 0.666 
0.329 0.394 0.957 1.474 2.609 3.241 2.807 2.086 1.639 0.776 
0.291 0.282 1.174 1.765 2.789 3.212 2.775 1.989 1.854 0.719 
0.390 0.251 1.151 1.419 2.542 3.305 2.744 2.112 1.886 0.801 
0.315 0.211 0.792 1.276 2.454 3.378 2.765 2.219 1.923 0.816 
0.296 0.324 0.732 1.173 2.472 3.373 2.860 2.287 1.839 0.717 
0.301 0.857 0.940 1.828 2.910 3.710 3.087 2.319 1.772 0.758 
0.319 0.640 0.900 1.706 2.992 3.621 3.069 2.555 1.780 0.756 
0.393 0.417 1.067 1.329 2.399 3.591 2.948 2.566 1.677 0.635 
0.543 0.443 0.737 0.775 1.383 1.080 1.213 1.191 1.021 0.771 
0.592 0.578 0.733 0.670 1.348 2.124 1.676 1.471 1.112 0.665 
0.259 0.314 0.565 1.129 1.826 2.901 2.159 1.974 1.216 0.782 
0.287 0.274 0.690 1.313 2.248 3.121 2.345 2.279 1.032 0.730 
0.256 0.483 1.208 1.522 1.608 2.661 2.064 1.731 0.912 0.627 
0.311 0.324 1.378 1.573 1.650 2.898 2.113 1.716 0.967 0.613 
0.422 0.587 0.823 1.196 1.837 2.573 2.162 1.707 0.943 0.814 
0.393 0.422 1.338 2.141 3.194 2.884 2.533 2.092 1.528 0.889 
0.416 0.361 1.524 2.155 3.364 3.049 2.378 2.298 1.471 0.689 
0.475 0.688 1.302 1.604 2.768 2.831 2.199 2.005 1.407 0.560 
0.441 0.432 1.249 1.492 2.770 3.142 2.657 1.973 1.547 0.563 
0.433 0.348 1.111 1.695 3.095 3.691 3.043 2.306 1.580 0.804 
0.270 0.308 1.013 1.515 2.745 3.548 2.816 2.333 1.370 0.744 
0.231 0.238 1.112 1.851 2.663 3.489 2.675 2.113 1.444 0.533 
0.669 0.463 1.216 1.847 2.738 3.250 2.852 2.165 1.825 0.765 
0.440 0.342 1.125 1.536 2.031 2.792 2.762 1.984 1.936 0.906 
0.512 0.409 1.449 1.624 2.423 3.205 2.848 2.356 2.198 0.934 
0.453 0.317 1.086 1.386 2.725 3.657 2.910 2.348 1.987 0.848 
0.331 0.267 0.884 1.458 2.919 3.759 3.089 2.348 1.871 0.915 
0.280 0.564 0.971 1.488 2.725 3.657 3.116 2.472 1.940 0.902 
0.373 0.483 0.890 1.061 2.340 3.500 3.129 2.695 1.812 0.751 
0.384 0.306 0.405 0.526 1.887 3.101 2.829 2.598 1.660 0.656 
0.296 0.438 0.349 0.773 1.540 2.469 2.210 1.997 1.288 0.827 
0.450 0.360 0.206 0.851 1.750 2.786 2.162 2.202 1.112 0.812 
0.309 0.367 0.615 1.048 1.390 2.266 1.967 1.756 1.188 0.967 
0.264 0.348 0.832 1.325 1.252 2.631 2.005 1.596 0.853 0.541 
0.572 0.583 0.865 1.227 1.897 2.664 2.195 1.752 0.967 0.931 
0.367 0.294 0.816 1.981 2.490 2.511 2.115 1.357 1.025 0.582 
0.295 0.323 1.005 1.640 3.096 2.587 2.436 1.733 1.375 0.670 
0.332 0.378 1.425 2.073 3.367 3.097 2.624 2.134 1.430 0.781 
0.362 0.332 1.641 2.278 3.407 3.288 2.587 2.458 1.481 0.829 
0.375 0.573 0.927 1.694 3.338 3.211 2.560 2.462 1.522 0.742 
0.445 0.448 0.622 1.382 3.131 3.459 2.823 2.756 1.914 0.833 
0.548 0.316 0.663 1.499 2.906 3.613 2.858 2.528 1.760 0.843 
0.434 0.363 0.990 1.597 2.766 3.511 2.635 2.289 1.380 0.698 
0.301 0.278 1.311 1.706 2.544 3.366 2.773 2.193 1.507 0.594 
0.365 0.173 0.249 0.349 0.534 1.923 2.786 2.746 2.790 1.763 
0.445 0.132 0.224 0.315 0.526 2.340 3.026 2.900 2.799 1.654 
0.514 0.315 0.659 0.821 1.122 2.951 3.140 2.872 2.775 1.544 
0.478 0.341 0.740 0.832 1.495 2.734 2.647 2.303 2.299 1.230 
0.532 0.333 0.503 0.860 1.391 2.698 2.751 2.319 2.204 1.309 
0.304 0.304 0.437 0.711 1.793 3.080 2.764 2.563 2.324 1.409 
0.493 0.433 0.611 0.616 1.973 3.184 2.542 2.069 1.585 0.757 
0.412 0.419 0.450 0.602 1.966 3.220 2.510 1.900 1.302 0.503 
0.397 0.253 0.373 0.474 1.833 3.062 2.632 1.972 1.378 0.594 
0.502 0.837 0.230 0.855 1.798 2.838 2.514 2.649 1.812 1.003 
0.635 0.970 0.568 1.148 2.238 2.646 2.201 2.007 1.117 1.009 
0.439 0.410 0.450 0.516 1.478 2.482 2.309 1.844 1.172 1.200 
0.220 0.239 1.045 1.726 2.199 2.793 2.594 1.902 1.077 0.788 
0.382 0.423 1.059 1.906 2.570 2.766 2.576 1.925 1.410 0.747 
0.381 0.463 1.083 1.933 3.029 3.028 2.277 1.475 1.400 0.571 
0.364 0.403 1.326 2.039 3.396 3.331 2.443 1.865 1.400 0.736 
0.410 0.452 1.611 2.351 3.424 3.461 2.812 2.554 1.539 0.911 
0.463 0.475 1.101 1.776 3.010 3.323 2.673 2.308 1.455 0.784 
0.451 0.603 0.761 1.588 3.105 3.324 2.660 2.209 1.633 0.805 
0.471 0.380 0.953 1.654 3.135 3.554 2.793 2.106 1.552 0.758 
0.502 0.317 1.405 1.806 2.811 3.361 2.519 1.921 1.244 0.756 
0.483 0.157 0.563 0.636 1.082 1.988 2.219 1.971 1.570 1.254 
0.440 0.193 0.287 0.362 0.552 1.996 2.500 2.364 2.268 1.539 
0.458 0.203 0.348 0.397 0.539 2.169 2.940 2.745 2.747 1.468 
0.507 0.340 0.495 0.504 1.079 2.894 2.981 2.610 2.647 1.453 
0.393 0.298 0.633 0.467 1.923 3.051 2.434 2.053 2.271 1.311 
0.606 0.266 0.323 0.346 0.710 1.747 2.192 1.807 2.008 1.317 
0.425 0.227 0.280 0.324 0.884 2.374 2.788 2.581 2.567 1.612 
0.447 0.367 0.306 0.393 1.138 2.059 2.348 1.854 1.827 1.124 
0.400 0.223 0.365 0.651 1.946 3.285 2.864 2.336 1.351 0.513 
0.466 0.253 0.374 0.503 1.885 3.293 2.654 1.952 1.263 0.508 
0.417 0.249 0.416 0.587 0.957 2.512 1.876 1.578 1.393 0.566 
0.340 0.670 1.212 1.647 2.005 2.652 2.235 1.589 0.962 0.952 
0.254 0.413 1.533 1.800 2.453 2.839 2.357 1.784 0.985 0.671 
0.308 0.332 1.505 1.839 2.364 2.544 2.206 1.681 1.028 0.633 
0.386 0.537 1.430 2.044 2.676 2.759 1.940 1.514 1.315 0.474 
0.425 0.489 1.356 2.047 2.944 3.222 2.464 1.732 1.415 0.729 
0.394 0.427 1.241 2.005 3.210 3.409 2.492 2.082 1.407 0.739 
0.347 0.320 1.320 1.614 3.346 3.090 2.546 2.194 1.382 0.548 
0.351 0.530 1.645 2.035 3.085 3.367 2.450 2.401 1.541 0.642 
0.341 0.552 1.325 1.923 3.273 3.322 2.318 1.961 1.416 0.556 
0.428 0.458 1.601 1.798 2.998 3.444 2.434 1.880 1.333 0.575 
0.484 0.371 1.303 1.228 2.206 2.781 2.314 1.658 1.055 0.715 
0.376 0.169 0.349 0.366 0.902 2.311 2.339 1.971 1.770 1.293 
0.323 0.188 0.438 0.334 0.799 2.481 2.731 2.310 2.208 1.166 
0.572 0.275 0.493 0.382 1.081 2.366 1.916 1.374 1.582 0.981 
0.471 0.238 0.604 0.349 1.409 2.426 1.982 1.412 1.882 1.099 
0.636 0.257 0.451 0.335 0.818 2.033 2.172 1.829 2.163 1.358 
0.467 0.358 0.428 0.399 0.902 2.270 2.821 2.495 2.458 1.633 
0.492 0.326 0.414 0.400 1.040 2.610 2.781 2.518 2.413 1.530 
0.480 0.188 0.369 0.490 1.210 2.712 2.582 2.160 1.695 0.882 
0.483 0.139 0.375 0.650 1.637 3.229 2.390 1.771 1.433 0.630 
0.717 0.262 0.254 0.421 1.427 2.697 2.376 1.949 1.582 0.662 
1.104 0.982 1.173 1.053 1.334 1.512 1.686 1.083 1.044 0.942 
0.424 0.913 1.656 1.945 2.123 3.048 2.587 1.803 1.403 0.583 
0.308 0.454 1.687 2.069 2.620 3.379 3.017 2.341 1.569 0.654 
0.365 0.425 1.414 1.940 2.672 3.187 2.517 2.124 1.490 0.718 
0.386 0.433 1.296 2.070 2.960 3.134 2.524 1.904 1.340 0.669 
0.391 0.522 1.395 1.837 2.987 3.296 2.490 2.173 1.533 0.683 
0.426 0.254 1.454 1.550 2.725 3.007 2.509 1.853 1.137 0.499 
0.319 0.305 1.364 1.929 2.927 3.317 2.381 2.165 1.459 0.765 
0.290 0.354 1.481 2.080 2.842 3.141 2.062 1.821 1.367 0.691 
0.254 0.362 1.602 1.901 2.829 3.118 2.185 1.869 1.507 0.693 
0.379 0.522 1.787 1.890 2.680 3.217 2.218 1.946 1.172 0.654 
0.474 0.251 0.746 0.618 1.245 2.272 1.635 1.294 0.978 0.753 
0.323 0.153 0.526 0.400 1.035 2.849 2.413 1.708 1.427 0.847 
0.402 0.185 0.419 0.357 1.344 2.924 2.820 2.388 1.985 1.067 
0.476 0.255 0.305 0.253 0.960 2.375 1.545 0.996 1.114 0.859 
0.524 0.257 0.409 0.286 0.773 2.190 1.922 1.501 1.855 1.169 
0.640 0.411 0.344 0.243 0.708 1.924 2.111 1.782 2.038 1.352 
0.544 0.415 0.370 0.249 0.802 2.039 2.184 1.837 1.971 1.293 
0.487 0.276 0.390 0.371 0.959 2.061 1.855 1.565 1.785 1.114 
0.858 0.278 0.505 0.611 1.456 2.886 2.158 1.653 1.534 0.702 
0.363 0.590 1.008 1.169 2.417 3.045 2.374 1.776 1.540 0.613 
0.476 0.900 1.800 1.959 2.541 3.200 2.735 1.922 1.460 0.935 
0.291 0.569 1.323 1.713 2.127 2.903 2.699 1.834 1.354 0.699 
0.360 0.618 1.757 2.024 2.301 3.231 2.603 1.965 1.516 0.604 
0.338 0.398 1.429 1.925 2.539 3.280 2.637 2.071 1.523 0.791 
0.385 0.449 1.253 1.743 2.165 2.907 2.266 1.949 1.377 0.597 
0.527 0.621 1.467 1.803 2.669 3.056 2.235 1.869 1.524 0.504 
0.457 0.568 1.333 1.898 2.733 3.111 2.430 2.137 1.578 0.616 
0.332 0.364 1.450 1.837 2.629 3.190 2.348 2.059 1.484 0.768 
0.316 0.336 1.457 2.169 2.823 3.329 2.502 2.082 1.379 0.644 
0.324 0.514 1.600 1.855 2.394 3.016 2.048 1.759 1.359 0.603 
0.320 0.448 1.745 1.867 2.512 3.267 2.330 1.771 1.409 0.646 
0.429 0.306 1.537 1.511 2.251 3.117 2.025 1.543 1.061 0.561 
0.518 0.148 0.441 0.543 0.890 2.329 2.136 1.720 1.386 0.873 
0.313 0.155 0.405 0.325 1.142 3.149 3.104 2.616 1.860 1.007 
0.629 0.276 0.324 0.305 0.716 1.967 1.838 1.674 1.431 1.044 
0.519 0.357 0.352 0.253 0.575 1.532 2.017 1.507 1.616 1.024 
0.570 0.270 0.330 0.254 0.680 2.021 2.575 2.373 2.414 1.497 
0.729 0.485 0.437 0.260 0.586 1.398 1.662 1.236 1.795 1.240 
0.526 0.319 0.376 0.355 0.653 1.686 2.070 1.801 2.056 1.318 
0.525 0.229 0.440 0.526 0.994 2.406 2.186 1.534 1.585 0.891 
0.675 0.235 0.422 0.580 1.362 2.618 2.129 1.356 1.290 0.600 
0.488 0.137 0.227 0.391 0.833 1.439 2.361 1.785 1.757 0.815 
0.449 0.371 1.257 1.662 2.028 2.497 2.143 1.696 1.246 0.700 
0.438 0.818 1.684 2.226 2.525 3.173 2.676 1.794 1.313 0.661 
0.434 0.768 1.809 2.138 2.748 3.626 2.774 2.050 1.402 0.696 
0.328 0.493 1.450 1.923 2.509 3.321 2.725 2.361 1.559 0.734 
0.328 0.681 1.330 1.695 2.464 3.112 2.581 2.127 1.545 0.480 
0.327 0.482 1.224 1.629 2.319 3.201 2.602 1.907 1.435 0.535 
0.342 0.461 1.628 1.821 2.339 3.073 2.341 1.869 1.489 0.731 
0.364 0.380 1.409 1.972 2.745 3.235 2.666 2.215 1.677 0.661 
0.337 0.442 1.714 1.894 2.655 3.200 2.265 1.972 1.431 0.635 
0.437 0.297 1.481 1.704 2.238 2.983 2.158 1.782 1.210 0.569 
0.282 0.222 1.640 1.780 2.313 3.189 2.232 1.954 1.391 0.701 
0.534 0.262 0.985 1.062 1.465 2.333 2.155 1.858 1.527 0.950 
0.465 0.159 0.388 0.454 0.797 2.641 2.831 2.243 1.843 1.013 
0.472 0.214 0.326 0.415 1.224 3.028 3.010 2.827 2.130 1.123 
0.554 0.249 0.272 0.238 0.572 1.808 2.408 2.009 1.927 1.322 
0.398 0.208 0.333 0.209 0.812 2.791 2.899 2.654 2.602 1.530 
0.653 0.379 0.474 0.368 0.748 1.746 2.064 1.823 2.015 1.355 
0.584 0.476 0.472 0.430 0.705 1.491 2.013 1.722 2.011 1.329 
0.513 0.269 0.349 0.284 0.694 1.860 2.408 1.948 1.928 1.202 
0.536 0.158 0.416 0.592 0.995 2.252 1.785 1.358 1.317 0.639 
0.407 0.381 0.760 0.964 1.651 2.282 2.566 1.887 1.813 0.776 
0.363 0.386 0.846 0.926 0.936 2.255 2.821 2.362 2.354 1.270 
0.776 0.199 1.044 1.782 1.997 2.770 2.141 1.998 1.242 0.760 
0.425 0.687 1.644 2.322 2.146 3.364 2.551 2.017 1.037 0.788 
0.495 0.682 1.482 2.250 2.567 3.262 2.599 1.772 1.440 0.781 
0.414 0.396 1.404 1.877 2.293 2.988 2.327 1.906 1.163 0.665 
0.381 0.648 1.093 1.411 1.524 2.732 2.069 1.398 1.000 0.460 
-999.000 -999.000 -999.000 -999.000 -999.000 2.956 1.883 1.241 1.084 0.458 
0.303 0.471 1.416 1.571 2.533 3.376 2.555 1.670 1.425 0.548 
0.340 0.447 1.453 1.983 2.282 3.185 2.544 2.072 1.496 0.673 
0.399 0.426 1.465 2.121 2.686 3.308 2.585 2.211 1.428 0.662 
0.356 0.403 1.665 1.966 2.726 3.106 2.192 1.923 1.349 0.679 
0.408 0.561 1.790 2.213 2.468 3.338 2.300 1.987 1.660 0.782 
0.473 0.608 1.725 1.903 2.298 3.303 2.149 2.064 1.762 0.847 
0.336 0.155 0.499 0.487 1.131 3.037 2.902 2.606 2.130 1.196 
0.340 0.159 0.302 0.483 1.164 3.249 3.233 2.511 2.276 1.202 
0.499 0.216 0.427 0.352 0.816 2.335 2.700 2.191 1.988 1.325 
0.399 0.184 0.379 0.289 0.798 2.654 2.793 2.633 2.473 1.469 
0.387 0.201 0.279 0.307 1.246 2.985 3.124 2.870 2.602 1.574 
0.650 0.341 0.451 0.409 0.665 1.195 2.028 1.484 1.809 1.355 
0.544 0.248 0.361 0.417 0.547 1.333 1.920 1.467 1.706 0.956 
0.398 0.415 0.609 0.588 0.830 1.660 2.171 1.866 1.819 1.057 
0.438 0.326 0.445 0.383 0.681 1.753 3.060 2.552 2.182 1.349 
0.507 0.212 0.198 0.233 0.357 1.107 2.456 2.357 2.385 1.601 
-999.000 -999.000 -999.000 -999.000 -999.000 1.332 1.812 1.747 1.485 1.115 
0.545 0.674 1.231 2.185 1.644 2.859 1.935 1.796 0.894 0.958 
0.365 0.324 1.012 1.627 1.645 2.872 2.261 1.654 1.139 0.911 
0.466 0.451 1.271 1.609 2.162 2.801 1.858 1.543 1.145 0.669 
0.371 0.740 1.578 1.884 2.578 3.019 1.834 1.480 1.132 0.545 
0.301 0.434 1.873 2.150 2.748 3.503 2.140 1.923 1.450 0.639 
0.398 0.456 1.437 1.718 2.430 3.235 2.337 1.909 1.390 0.740 
0.322 0.353 1.488 2.007 2.219 3.165 2.237 1.844 1.427 0.689 
0.417 0.359 1.284 1.948 2.822 3.321 2.708 2.257 1.457 0.709 
0.490 0.728 1.397 1.859 2.253 3.062 2.294 1.976 1.468 0.644 
0.650 0.519 1.243 1.698 2.410 3.245 2.458 2.216 1.958 0.844 
0.363 0.298 1.292 1.285 1.989 3.031 2.393 2.292 1.996 1.048 
0.296 0.136 0.437 0.442 1.154 3.161 3.081 2.336 2.213 1.218 
0.295 0.179 0.408 0.420 0.848 3.029 3.173 2.572 2.341 1.306 
0.427 0.180 0.243 0.221 0.664 2.269 2.761 2.266 2.133 1.169 
0.460 0.190 0.326 0.231 1.048 2.748 3.046 2.333 2.293 1.302 
0.570 0.231 0.331 0.323 0.858 2.418 2.709 2.297 2.248 1.427 
0.463 0.256 0.367 0.468 0.671 1.897 2.477 1.918 1.817 1.038 
0.310 0.317 0.477 0.462 0.498 0.864 1.967 1.990 2.010 1.358 
0.511 0.224 0.255 0.285 0.428 0.950 1.957 1.584 1.757 1.217 
0.425 0.330 0.379 0.417 0.951 1.848 2.080 1.784 1.695 1.068 
0.292 0.252 0.307 0.631 2.346 3.482 2.697 1.958 1.943 0.920 
0.478 0.829 1.545 2.172 2.203 2.892 1.968 1.737 1.115 0.848 
0.278 0.635 1.228 1.737 2.415 2.922 2.136 1.616 0.873 0.669 
0.401 0.366 1.154 1.478 2.441 2.938 2.202 1.909 1.023 0.672 
0.535 0.427 0.950 1.515 2.454 3.025 2.043 2.102 1.351 0.767 
0.396 0.305 1.118 1.591 2.460 3.229 2.041 1.850 1.421 0.675 
0.391 0.325 1.609 1.738 2.412 3.337 2.023 1.818 1.423 0.686 
0.383 0.601 1.582 1.878 2.502 3.357 2.171 2.013 1.416 0.565 
0.507 0.482 1.283 1.684 2.134 3.163 2.544 2.055 1.569 0.768 
0.582 0.818 1.657 1.887 2.162 3.018 2.327 2.253 1.454 0.757 
0.697 0.777 1.917 2.093 2.435 3.115 2.391 2.216 1.950 0.860 
0.405 0.370 1.675 2.234 3.039 3.508 2.682 2.291 1.812 0.739 
0.251 0.165 0.736 0.661 1.463 3.036 2.766 2.285 2.060 1.105 
0.254 0.146 0.403 0.354 1.147 3.013 3.179 2.291 2.070 0.996 
0.355 0.227 0.351 0.342 0.582 2.068 2.737 2.399 2.389 1.370 
0.441 0.200 0.216 0.301 0.858 2.632 3.235 2.768 2.420 1.553 
0.526 0.166 0.271 0.257 0.795 2.824 3.222 2.968 2.589 1.482 
0.684 0.275 0.367 0.410 0.689 1.488 2.184 1.701 1.658 1.141 
0.610 0.287 0.387 0.393 0.923 0.940 1.683 1.621 1.845 1.340 
0.343 0.239 0.362 0.854 2.426 3.463 3.054 2.731 2.283 1.334 
0.321 0.182 0.313 0.788 2.524 3.670 3.108 2.852 2.247 1.207 
0.231 0.182 0.266 0.634 2.409 3.669 3.047 2.379 2.268 1.086 
0.161 0.213 0.188 0.610 2.418 3.415 2.798 2.136 2.264 0.992 
0.280 0.288 0.459 1.825 2.462 3.218 2.181 1.922 0.908 0.763 
0.356 0.438 0.803 1.722 2.227 3.003 2.336 1.895 0.864 0.672 
0.424 0.596 1.136 1.561 2.590 3.222 2.519 2.282 1.075 0.742 
0.314 0.303 1.289 1.775 2.499 3.142 2.222 2.024 1.013 0.761 
0.447 0.533 1.149 1.790 2.514 3.323 2.481 2.144 1.636 0.816 
0.359 0.448 1.301 1.728 2.407 3.337 2.258 2.126 1.552 0.827 
0.345 0.659 1.594 1.797 2.203 3.381 2.145 1.994 1.359 0.427 
0.453 0.762 1.671 2.194 2.670 3.580 2.779 2.457 1.822 0.982 
0.675 0.979 2.009 2.150 2.405 3.204 2.425 2.308 1.601 0.915 
0.753 0.718 2.068 2.209 2.474 2.943 2.237 2.138 1.721 0.917 
0.615 0.637 2.008 2.176 2.479 3.043 2.224 2.201 1.850 0.840 
0.423 0.288 1.398 1.479 2.281 2.985 2.210 2.228 1.706 0.902 
0.395 0.177 0.604 0.762 1.180 2.628 2.703 2.026 1.756 1.079 
0.396 0.175 1.199 1.660 2.141 3.160 2.792 2.027 1.797 0.809 
0.520 0.267 0.600 0.670 1.351 2.013 2.519 2.035 1.893 1.142 
0.548 0.159 0.200 0.217 0.612 1.738 2.634 2.434 1.841 1.313 
0.416 0.190 0.265 0.480 2.067 2.987 2.750 2.252 1.448 1.040 
0.367 0.165 0.363 0.902 2.475 3.346 2.662 2.166 1.492 0.882 
0.231 0.204 0.416 0.809 2.536 3.491 2.982 2.328 1.818 1.071 
0.193 0.167 0.340 0.748 2.413 3.679 3.097 2.689 2.329 1.236 
0.275 0.163 0.347 0.622 2.269 3.564 2.931 2.578 2.174 1.174 
0.279 0.182 0.315 0.624 2.278 3.303 2.732 2.240 1.968 1.071 
0.475 0.385 0.443 1.432 1.892 2.833 2.082 1.762 0.893 0.608 
0.406 0.561 0.853 1.501 2.206 2.879 2.288 2.197 1.167 0.798 
0.349 0.510 1.090 1.495 2.558 2.984 2.372 2.198 1.244 0.875 
0.607 0.210 0.838 1.216 2.330 3.381 2.232 1.871 1.321 0.530 
0.357 0.346 1.466 1.692 2.565 3.479 1.952 1.685 1.280 0.471 
0.385 0.412 1.203 1.626 2.366 3.397 2.634 2.107 1.542 0.870 
0.412 0.471 1.345 1.866 2.593 3.478 2.777 1.912 1.468 0.875 
0.454 0.593 1.313 1.765 2.706 3.597 2.938 2.190 1.525 0.899 
0.346 0.398 1.279 1.666 2.593 3.300 2.358 2.135 1.698 0.728 
0.517 0.351 1.324 1.871 2.840 3.429 2.528 2.343 1.716 0.780 
0.408 0.294 1.279 1.733 2.515 3.274 2.665 2.280 1.746 0.782 
0.345 0.237 1.484 1.966 2.300 3.383 2.921 2.247 1.887 0.809 
0.605 0.331 0.553 0.977 2.765 2.779 2.478 1.800 2.102 0.983 
0.478 0.207 0.469 0.723 2.556 3.457 2.833 2.302 1.799 0.957 
0.383 0.221 0.384 0.650 2.381 3.354 2.919 2.112 1.471 0.908 
0.278 0.179 0.285 0.799 2.303 3.591 2.929 2.218 1.567 0.913 
0.310 0.210 0.470 0.816 2.574 3.598 2.974 2.582 1.894 1.266 
0.396 0.197 0.481 0.749 2.521 3.577 3.117 2.727 2.031 1.461 
0.507 0.275 0.451 0.740 2.404 3.773 3.149 2.601 1.849 1.460 
0.435 0.299 0.579 1.065 2.383 3.524 3.017 2.603 1.878 1.349 
0.250 0.344 1.921 2.147 3.017 3.592 2.854 2.122 1.859 0.940 
0.604 0.768 0.928 1.049 1.811 2.676 2.126 2.061 1.374 0.986 
0.489 0.642 1.104 1.321 2.379 2.827 2.114 2.131 1.418 0.956 
0.328 0.607 1.375 1.559 2.194 3.073 1.832 1.854 1.102 0.506 
0.379 0.460 1.320 1.462 2.185 2.688 1.636 1.598 1.140 0.421 
0.289 0.219 1.388 1.537 2.481 3.393 2.190 2.139 1.460 0.612 
0.337 0.257 0.893 1.687 2.423 3.377 2.750 2.100 1.459 0.692 
0.375 0.456 1.143 1.674 2.529 3.394 2.635 1.838 1.516 0.887 
0.361 0.376 1.353 1.746 2.573 3.419 3.012 2.484 1.717 1.038 
0.575 0.758 1.481 1.874 2.656 3.457 2.724 2.434 1.769 0.785 
0.478 0.421 1.089 1.634 2.360 3.091 2.202 2.036 1.527 0.560 
0.411 0.315 1.034 1.420 2.425 3.073 2.393 2.072 1.555 0.579 
0.274 0.303 0.709 1.090 2.317 3.248 2.499 1.945 1.754 0.812 
0.362 0.337 1.067 1.755 2.750 3.603 2.975 2.376 2.013 0.906 
0.450 0.222 0.627 0.941 2.597 3.682 3.161 2.681 2.220 1.105 
0.452 0.216 0.401 0.684 2.279 3.418 2.866 2.072 1.794 0.919 
0.403 0.199 0.377 0.655 2.185 3.650 3.024 2.170 1.832 0.958 
0.338 0.194 0.447 0.916 2.415 3.583 2.830 2.134 1.604 1.062 
0.423 0.229 0.476 0.894 2.455 3.544 2.939 2.362 1.740 1.314 
0.402 0.255 0.480 0.640 2.415 3.308 2.808 2.276 1.728 1.469 
0.597 0.498 1.406 1.896 2.781 3.433 2.856 2.396 1.731 1.143 
0.398 0.443 1.871 2.006 2.759 3.442 2.868 2.314 1.813 0.973 
0.431 0.589 1.106 1.174 1.830 2.680 1.767 1.690 1.173 0.485 
0.362 0.595 0.893 1.236 2.185 2.546 1.580 1.674 1.223 0.538 
0.309 0.417 0.829 1.340 2.425 2.959 1.983 2.108 1.455 0.687 
0.370 0.375 0.908 1.475 2.476 3.421 2.307 2.106 1.213 0.634 
0.303 0.239 1.114 1.829 2.493 3.454 2.615 2.083 1.443 0.696 
0.523 0.476 1.182 1.795 2.618 3.543 2.857 2.081 1.515 0.817 
0.370 0.399 1.188 1.514 2.429 3.485 2.837 2.214 1.523 0.885 
0.511 0.341 1.159 1.369 2.191 3.257 2.566 2.204 1.513 0.772 
0.342 0.320 0.821 1.312 2.414 3.341 2.545 2.040 1.166 0.497 
0.321 0.294 1.153 1.490 2.368 3.202 2.348 1.936 1.461 0.523 
0.541 0.423 1.491 1.951 2.519 3.368 2.527 2.145 1.561 0.722 
0.403 0.297 1.197 2.057 2.963 3.843 3.128 2.546 1.935 0.940 
0.387 0.211 0.872 1.734 2.848 3.844 3.193 2.687 2.164 1.109 
0.448 0.231 0.423 0.752 2.244 3.470 2.908 2.265 2.067 1.165 
0.438 0.195 0.383 0.627 2.205 3.603 2.957 2.189 2.065 0.981 
0.309 0.176 0.322 0.749 2.342 3.551 2.878 1.914 1.872 0.977 
0.394 0.195 0.357 0.911 2.268 2.941 2.237 1.329 1.213 0.803 
0.311 0.241 0.534 1.156 2.580 3.474 2.976 2.244 1.647 1.067 
0.525 0.722 1.155 2.059 2.721 3.492 2.979 2.318 1.663 1.046 
0.430 0.516 1.719 1.981 2.639 3.278 2.805 2.184 1.650 0.966 
0.452 0.285 1.876 2.016 2.708 3.165 2.578 1.937 1.572 0.843 
-999.000 -999.000 -999.000 -999.000 -999.000 2.587 1.101 0.852 0.755 0.484 
0.394 0.713 1.055 1.618 2.294 2.977 1.745 1.828 1.542 0.693 
0.339 0.647 1.016 1.518 2.626 3.235 1.779 1.834 1.425 0.624 
0.340 0.396 0.897 1.497 2.118 3.021 1.861 1.899 1.046 0.536 
0.249 0.241 1.053 1.888 2.428 3.389 2.696 2.045 1.273 0.574 
0.331 0.293 1.252 1.819 2.605 3.485 2.693 2.200 1.395 0.752 
0.316 0.390 1.171 1.541 2.117 3.232 2.666 1.919 1.302 0.783 
0.511 0.580 1.143 1.648 2.507 3.453 2.615 2.114 1.253 0.767 
0.393 0.390 1.137 1.517 2.422 3.438 2.695 2.175 1.213 0.633 
0.445 0.582 1.235 1.781 2.381 3.196 2.343 1.848 1.503 0.705 
0.350 0.370 1.615 1.906 2.678 3.574 2.767 2.392 1.740 0.858 
0.232 0.250 1.282 2.033 3.071 3.933 3.180 2.836 2.079 1.193 
0.225 0.246 1.245 2.039 3.010 3.968 3.377 3.118 2.464 1.326 
0.414 0.417 1.496 1.929 2.810 3.729 3.327 2.832 2.211 1.101 
0.365 0.216 0.532 0.746 2.220 3.579 2.920 2.216 1.751 0.993 
0.326 0.191 0.354 0.613 2.019 3.475 2.747 2.036 1.813 0.978 
0.257 0.250 0.379 0.968 2.185 3.417 2.739 2.043 1.438 0.859 
0.300 0.323 0.685 1.345 2.411 3.520 2.854 2.281 1.532 0.978 
0.428 0.552 1.451 2.411 2.474 3.562 2.991 2.446 1.808 1.075 
0.394 0.615 1.490 2.073 2.565 3.504 2.954 2.490 1.887 1.019 
0.294 0.304 1.727 1.987 2.851 3.450 2.905 2.388 2.010 0.956 
1.247 1.065 0.417 0.264 0.435 1.520 2.279 2.011 2.234 1.306 
-999.000 -999.000 -999.000 -999.000 -999.000 2.593 1.373 1.449 1.530 0.930 
0.277 0.539 0.770 1.292 1.976 2.689 1.378 1.324 1.002 0.504 
0.234 0.755 0.962 1.344 1.953 2.691 1.738 1.669 1.092 0.545 
0.288 0.345 0.723 1.497 2.206 3.008 2.547 2.187 1.368 0.655 
0.438 0.340 0.919 1.417 2.055 2.665 2.231 1.893 1.403 0.784 
0.392 0.294 0.966 1.588 2.438 3.424 2.740 2.291 1.472 0.841 
0.374 0.450 0.858 1.754 2.591 3.544 2.865 2.256 1.323 0.876 
0.505 0.413 1.343 1.593 2.514 3.389 2.577 2.377 1.241 0.701 
0.375 0.567 1.019 1.525 2.543 3.631 2.778 2.528 1.303 0.521 
0.491 0.499 0.968 1.648 2.586 3.664 2.589 2.336 1.500 0.708 
0.398 0.359 1.294 1.800 2.723 3.800 2.862 2.486 1.799 0.877 
0.326 0.287 1.097 2.194 2.789 3.775 3.237 2.884 1.956 1.106 
0.425 0.299 1.204 1.981 2.541 3.522 3.252 2.639 1.887 1.029 
0.311 0.213 0.448 0.787 2.261 3.303 2.630 1.934 1.309 1.032 
0.394 0.231 0.409 0.818 2.176 3.355 2.775 2.195 1.523 1.101 
0.415 0.346 0.570 1.027 2.235 3.814 3.297 2.789 1.922 1.221 
0.350 0.442 0.966 1.672 2.470 3.661 3.061 2.619 1.710 0.910 
0.407 0.599 1.391 2.240 2.481 3.568 3.048 2.513 1.729 0.949 
0.564 0.782 1.764 2.301 2.619 3.308 2.698 2.178 1.597 0.813 
0.505 0.883 1.868 1.962 2.660 3.040 2.608 2.061 1.559 0.797 
0.731 0.719 1.301 1.192 1.947 2.661 2.510 1.925 1.763 0.856 
0.457 0.814 0.405 0.543 0.433 0.722 0.706 0.897 0.989 1.246 
0.581 0.582 0.699 1.529 2.189 2.380 2.006 1.275 0.959 0.526 
0.543 0.500 0.850 1.404 1.885 2.615 2.090 1.351 1.107 0.558 
0.268 0.257 0.964 1.721 2.519 3.291 2.567 1.965 1.272 0.768 
0.258 0.428 0.890 1.782 2.606 3.503 2.860 2.295 1.315 0.968 
0.355 0.456 1.238 1.835 2.468 3.250 3.202 2.508 1.355 0.957 
0.232 0.233 0.935 1.601 2.440 3.513 2.836 2.465 1.430 0.740 
0.354 0.341 1.139 1.502 2.398 3.393 2.708 2.235 1.697 0.865 
0.424 0.438 1.051 1.566 2.579 3.595 2.929 2.356 1.938 0.852 
0.459 0.410 0.962 1.762 2.596 3.671 3.130 2.380 1.850 0.943 
0.394 0.288 1.203 1.693 2.344 3.664 3.152 2.482 1.746 1.110 
0.427 0.276 0.825 1.538 2.308 3.686 3.105 2.477 1.249 1.123 
0.417 0.376 0.747 1.251 2.455 3.688 3.103 2.360 1.217 1.071 
0.341 0.241 0.436 0.863 2.216 3.796 3.234 2.743 1.517 1.223 
0.275 0.214 0.416 0.992 2.382 3.910 3.247 2.674 1.884 1.273 
0.377 0.299 0.400 0.885 2.274 3.593 3.031 2.550 1.768 1.143 
0.291 0.497 1.057 1.715 2.431 3.369 2.815 2.449 1.800 0.783 
0.450 0.717 1.265 1.674 2.664 3.025 2.691 2.280 1.721 0.679 
0.414 0.741 1.629 1.900 2.987 3.207 2.654 2.061 1.781 0.697 
0.567 0.695 1.645 1.767 2.848 3.031 2.193 1.639 1.757 0.647 
0.478 0.151 0.525 1.674 2.266 2.842 2.338 1.393 1.106 0.622 
0.262 0.169 0.880 1.845 2.431 3.331 2.569 1.966 1.264 0.673 
0.257 0.274 0.996 1.951 2.734 3.481 2.789 2.296 1.258 0.824 
0.289 0.362 0.873 1.531 2.279 3.312 2.884 2.447 1.201 0.909 
0.404 0.697 1.381 1.509 2.193 3.190 2.661 2.298 1.383 0.723 
0.355 0.486 1.437 1.633 2.275 3.136 2.658 2.133 1.817 0.734 
0.329 0.265 1.014 1.338 2.437 3.237 2.755 2.078 1.963 0.793 
0.423 0.327 0.941 1.437 2.526 3.398 2.733 2.373 2.037 0.820 
0.414 0.374 1.259 2.091 2.727 3.759 3.179 2.570 1.854 0.933 
0.372 0.397 1.308 2.242 2.548 3.721 3.178 2.518 1.331 1.006 
0.493 0.519 1.281 2.237 2.632 3.763 3.245 2.436 1.102 0.918 
0.358 0.154 0.462 1.064 2.479 3.759 3.304 2.724 1.213 1.163 
0.377 0.241 0.421 0.994 2.512 3.676 3.198 2.922 1.779 1.329 
0.315 0.212 0.466 0.989 2.653 3.800 3.247 2.727 1.970 1.386 
0.273 0.123 0.443 0.749 2.243 3.148 2.824 2.272 1.668 0.794 
0.354 0.547 0.779 1.364 2.971 3.271 2.824 2.261 1.765 0.679 
0.467 0.630 1.502 1.882 3.152 2.970 2.515 1.971 1.993 0.700 
0.477 0.646 1.389 1.435 2.318 1.951 1.575 1.044 1.177 0.501 
0.426 0.756 0.732 1.024 1.748 1.916 2.228 1.650 1.375 0.696 
0.530 0.764 1.000 1.317 1.939 2.029 1.818 1.370 1.063 0.416 
0.488 0.483 0.724 0.940 1.830 2.329 2.022 1.172 1.372 0.622 
0.399 0.266 0.549 0.991 1.751 2.314 2.044 1.381 1.162 0.597 
0.394 0.372 1.283 1.572 2.407 3.195 2.574 2.195 2.070 0.725 
0.475 0.224 1.280 1.963 2.712 3.545 2.575 1.877 1.884 0.626 
0.497 0.196 1.399 2.103 3.159 3.823 2.725 2.127 1.786 0.647 
0.445 0.265 1.084 1.845 3.033 3.829 3.034 2.482 1.995 0.928 
0.394 0.369 1.218 2.003 2.402 3.362 3.045 2.560 1.491 0.949 
0.389 0.348 1.261 1.826 2.336 3.319 3.121 2.403 1.311 0.973 
0.369 0.189 0.373 1.058 2.567 3.659 3.155 2.453 1.073 0.937 
0.336 0.474 1.080 1.584 2.992 3.615 3.376 2.888 1.723 0.968 
0.402 0.268 0.681 1.122 3.033 3.732 3.273 2.984 2.335 1.372 
0.447 0.224 0.543 0.958 2.590 3.151 2.942 2.415 1.784 1.020 
0.512 0.383 0.613 1.010 2.754 3.128 3.054 2.513 2.022 1.002 
0.494 0.386 1.212 1.131 2.566 2.352 2.301 1.678 1.484 0.749 
0.378 0.403 1.105 1.096 2.786 2.476 2.519 1.814 1.625 0.604 
0.659 0.793 1.002 1.310 2.142 2.244 2.179 1.586 0.970 0.454 
0.692 0.712 0.936 1.183 2.240 2.806 2.366 1.887 1.407 0.705 
0.368 0.412 0.549 0.991 1.798 2.483 1.913 1.238 1.042 0.551 
0.445 0.330 0.728 1.389 2.439 3.215 2.431 2.012 1.359 0.706 
0.499 0.611 0.820 1.399 2.712 3.513 2.875 2.234 1.813 0.998 
0.494 0.518 0.899 1.620 2.660 3.379 2.775 2.306 1.861 0.843 
0.453 0.580 0.853 1.355 2.637 3.268 2.736 2.247 1.718 0.779 
0.588 0.328 1.083 1.645 2.994 3.559 2.744 2.294 1.853 0.596 
0.403 0.339 1.190 1.826 2.706 3.406 2.473 1.919 1.729 0.574 
0.308 0.268 1.116 1.373 2.207 3.069 2.496 1.855 1.567 0.879 
0.330 0.183 0.546 0.933 2.071 3.194 2.765 2.081 1.257 0.956 
0.383 0.193 0.406 0.954 2.568 3.520 2.975 2.382 1.200 0.957 
0.412 0.403 0.708 1.267 2.749 3.337 2.996 2.515 1.564 0.951 
0.316 0.325 0.540 0.949 2.334 3.167 2.857 2.437 1.900 0.948 
0.342 0.278 0.912 1.586 2.928 2.926 2.141 1.468 1.138 0.384 
0.367 0.349 0.745 1.290 2.848 2.861 2.170 1.575 1.407 0.532 
0.611 0.628 1.067 1.339 2.893 2.919 2.768 1.957 1.951 0.853 
0.221 0.314 0.805 1.513 3.264 3.280 2.824 2.222 1.828 0.850 
0.328 0.643 1.163 1.699 3.273 2.726 2.674 1.940 1.896 0.601 
0.176 0.336 1.127 1.291 3.432 2.801 2.566 2.075 2.012 0.653 
-999.000 -999.000 -999.000 -999.000 -999.000 1.748 1.876 1.463 0.892 0.464 
0.515 0.695 0.878 1.334 2.076 2.692 2.524 2.200 1.309 0.747 
0.271 0.281 0.567 0.766 1.888 2.294 1.657 1.249 0.908 0.562 
0.333 0.260 0.697 0.989 1.978 2.370 1.718 1.320 1.140 0.570 
0.404 0.387 0.774 1.259 1.978 2.902 2.186 1.591 1.590 0.788 
0.476 0.630 0.516 1.217 2.416 3.403 2.979 2.249 2.194 0.985 
0.390 0.454 0.620 0.949 2.190 2.976 2.450 1.810 2.069 0.730 
0.411 0.426 0.767 1.386 2.698 3.282 2.647 1.909 1.999 0.617 
0.474 0.290 0.982 1.489 2.776 3.354 2.765 1.817 1.909 0.585 
0.481 0.337 0.933 1.428 3.083 3.726 2.724 2.028 1.700 0.636 
0.476 0.372 1.054 1.399 2.622 3.457 2.402 1.794 1.438 0.709 
0.353 0.290 0.552 0.841 2.465 3.566 2.964 2.340 1.261 0.931 
0.530 0.198 0.422 0.675 2.168 2.922 2.739 2.326 1.135 0.955 
0.658 0.167 0.170 0.309 1.143 1.819 2.096 1.633 1.205 0.854 
0.357 0.397 0.973 1.616 3.218 3.089 2.236 1.348 1.100 0.453 
0.416 0.531 0.941 1.189 3.140 3.216 2.355 1.603 1.204 0.557 
0.667 0.817 1.660 1.716 3.246 3.229 2.744 2.408 1.768 0.784 
0.387 0.531 1.611 1.746 3.364 3.262 2.800 2.348 1.711 0.745 
0.319 0.626 1.582 1.693 3.241 3.125 2.756 2.271 1.863 0.648 
0.356 0.785 1.755 1.728 2.822 3.082 2.809 2.183 1.894 0.636 
0.616 1.081 0.764 1.371 2.067 2.305 2.180 2.048 0.983 0.669 
0.753 0.806 0.658 0.995 2.317 2.642 2.480 2.065 1.182 0.585 
0.393 0.306 0.665 1.074 2.255 2.859 2.184 1.716 1.608 0.620 
0.308 0.302 0.733 0.958 1.772 2.353 1.802 1.376 1.669 0.751 
0.350 0.311 0.572 0.967 1.904 2.922 2.340 1.708 1.731 0.815 
0.442 0.421 0.620 1.125 2.612 3.215 2.468 1.949 2.260 0.918 
0.454 0.465 0.738 1.183 2.729 2.942 2.548 1.670 2.057 0.746 
0.424 0.369 0.962 1.399 3.091 3.231 2.854 1.864 2.049 0.668 
0.552 0.496 0.948 1.700 3.298 3.768 2.778 1.931 1.832 0.529 
0.539 0.667 0.982 1.564 2.813 3.453 2.636 1.894 1.581 0.682 
0.646 0.715 0.996 1.466 2.714 3.437 2.872 2.334 1.186 0.741 
0.551 0.307 0.706 0.659 1.733 2.191 2.071 1.870 1.175 0.948 
0.569 0.190 0.270 0.346 0.668 1.417 1.663 1.167 0.874 0.829 
0.388 0.267 0.446 0.712 1.477 1.941 1.706 1.189 0.792 0.662 
0.501 0.333 0.453 0.671 1.529 1.850 1.970 1.463 1.234 0.847 
0.552 0.541 0.787 1.089 1.995 2.278 2.050 1.648 1.396 0.856 
0.603 0.740 1.819 1.948 3.564 3.487 3.082 2.574 1.869 0.906 
0.468 0.612 1.769 1.840 3.300 3.277 2.815 2.456 1.942 0.881 
0.332 0.473 0.993 1.194 1.778 2.309 2.440 2.063 1.938 0.852 
0.446 0.269 0.287 0.438 1.422 1.951 2.045 1.732 2.046 0.798 
0.521 0.460 0.813 1.193 1.841 2.656 2.353 1.914 1.017 0.388 
0.540 0.272 1.048 1.326 2.147 2.564 2.239 1.963 1.378 0.561 
0.378 0.251 0.947 1.441 2.732 3.193 2.393 1.951 1.835 0.626 
0.429 0.256 0.675 0.913 2.128 2.733 1.907 1.450 1.615 0.719 
0.365 0.441 0.544 0.786 2.003 2.305 2.230 1.696 1.867 0.858 
0.424 0.334 0.739 0.979 2.722 3.104 2.526 1.923 2.095 0.848 
0.346 0.326 0.729 1.390 2.874 2.910 2.454 1.597 1.902 0.713 
0.375 0.339 0.973 1.647 3.283 3.587 2.646 1.897 1.910 0.546 
0.393 0.442 1.312 1.466 2.800 3.508 2.692 1.850 1.834 0.714 
0.471 0.588 1.162 1.453 2.732 3.304 2.860 2.230 1.542 0.851 
0.497 0.519 1.171 1.466 2.937 3.552 3.274 2.948 1.496 0.967 
0.374 0.434 0.764 0.898 2.208 2.686 2.730 2.403 1.150 0.914 
0.864 0.457 0.507 0.421 0.971 1.193 1.669 1.511 1.064 1.057 
0.939 0.560 0.597 0.578 1.507 1.396 1.392 1.158 1.087 0.848 
0.939 0.615 0.484 0.330 1.070 1.476 1.554 1.576 1.456 1.281 
0.509 0.492 0.695 0.724 1.310 1.995 2.316 2.154 1.888 1.136 
0.557 0.543 1.013 1.210 2.185 2.785 2.550 2.267 2.078 1.009 
0.318 0.548 1.531 1.793 2.602 3.225 2.773 2.306 2.012 0.907 
0.330 0.623 1.621 1.914 2.553 3.289 2.738 2.113 1.900 0.725 
-999.000 -999.000 -999.000 -999.000 -999.000 1.986 1.867 1.260 1.579 0.411 
0.394 0.282 0.776 0.901 1.762 2.280 2.195 1.610 1.179 0.686 
0.363 0.370 0.797 1.225 1.907 2.282 1.969 1.576 1.647 0.569 
0.509 0.759 1.008 0.928 1.405 1.552 1.511 1.262 1.531 0.751 
0.392 0.533 0.940 0.652 0.764 0.681 1.166 0.822 1.547 0.950 
0.558 0.662 1.193 1.288 2.512 2.655 2.519 1.752 1.699 0.859 
0.523 0.441 1.044 1.221 2.911 3.025 2.792 1.873 1.854 0.987 
0.309 0.344 0.814 1.334 2.696 3.241 2.694 2.042 1.941 0.570 
0.371 0.410 0.898 1.294 2.701 3.486 2.851 2.406 1.957 0.796 
0.470 0.589 1.387 1.664 3.422 3.507 2.751 2.328 1.721 0.897 
0.501 0.338 1.245 1.629 3.259 3.470 2.934 2.546 1.507 0.939 
0.483 0.506 1.136 1.398 2.985 3.392 3.086 2.708 1.430 1.083 
0.614 0.346 0.822 0.926 2.287 2.638 2.421 1.933 1.174 0.794 
0.890 0.495 0.467 0.566 0.956 1.408 1.574 1.197 1.073 0.940 
0.758 0.336 0.349 0.287 0.509 0.864 1.797 1.641 1.612 1.446 
0.455 0.467 0.801 0.859 1.701 1.963 2.047 1.803 1.505 0.874 
0.401 0.479 1.399 1.497 3.086 3.006 2.449 1.709 1.401 0.499 
0.341 0.437 1.281 1.514 2.887 2.759 2.457 1.879 1.312 0.419 
0.359 0.618 1.536 1.701 2.801 2.742 2.361 2.080 1.600 0.637 
0.335 0.595 1.191 1.667 3.284 3.013 2.714 2.106 1.860 0.708 
0.480 0.474 0.691 0.823 0.853 0.917 1.104 0.735 0.883 0.489 
0.682 1.098 1.299 0.628 0.445 0.478 1.055 0.647 1.184 0.540 
0.483 0.493 0.855 0.801 0.779 0.972 1.273 0.925 1.290 0.818 
0.447 0.350 0.864 0.929 1.614 1.806 1.951 1.458 1.253 1.055 
0.436 0.356 0.961 1.110 2.475 3.013 2.660 2.000 1.284 0.914 
0.486 0.265 0.547 0.898 2.001 3.092 2.220 1.670 1.546 0.576 
0.591 0.156 0.355 0.843 2.364 3.831 2.990 2.842 2.296 1.109 
0.569 0.420 0.818 1.168 3.037 3.912 3.043 2.645 2.053 1.102 
0.527 0.515 1.430 1.684 2.976 3.387 2.599 2.178 1.480 0.780 
0.456 0.390 0.769 0.925 2.086 3.060 2.602 2.037 1.196 0.813 
0.596 0.274 0.485 0.574 1.220 1.748 1.889 1.446 1.025 0.899 
1.156 0.871 0.649 0.801 1.151 1.609 1.762 1.605 1.096 1.181 
0.446 0.387 0.571 0.726 1.007 1.942 2.497 2.215 1.497 1.272 
0.398 0.588 1.572 1.448 2.542 3.002 2.563 1.983 1.584 0.904 
0.610 0.422 0.808 0.859 1.239 2.023 2.219 1.806 1.524 1.019 
0.356 0.354 0.991 0.965 2.753 2.698 2.680 1.995 1.000 0.349 
0.452 0.526 1.199 1.176 3.007 2.741 2.608 2.128 1.308 0.473 
0.512 0.700 1.288 1.509 3.108 2.970 2.679 2.074 1.582 0.530 
0.345 0.573 1.382 1.742 3.173 3.046 2.691 1.797 1.554 0.586 
0.454 0.543 0.746 0.785 1.412 1.591 1.711 1.200 1.131 0.483 
0.337 0.291 0.709 0.841 1.261 1.830 1.580 1.156 1.248 0.633 
0.804 0.286 0.474 0.646 1.653 2.355 1.376 1.032 0.975 0.629 
0.910 0.251 0.289 0.448 1.620 2.364 1.475 1.183 1.159 0.713 
0.665 0.259 0.328 0.506 1.616 2.959 1.949 1.658 1.476 0.650 
1.121 0.238 0.359 0.744 1.837 3.093 1.577 1.302 1.103 0.605 
1.059 0.232 0.361 0.753 1.490 3.140 2.155 1.652 1.492 0.775 
0.578 0.584 1.074 1.300 2.430 3.135 2.491 2.050 1.581 0.825 
0.621 0.300 0.629 0.734 1.882 2.530 1.921 1.453 1.001 0.679 
0.638 0.376 0.372 0.423 0.642 1.234 1.405 1.091 1.021 0.999 
0.635 0.748 1.343 1.007 1.777 1.673 1.636 1.144 1.058 0.712 
0.625 0.289 0.464 0.384 0.801 1.855 2.340 2.117 1.255 1.064 
0.692 0.363 0.557 0.626 1.068 1.775 2.223 1.927 1.222 0.936 
0.396 0.418 1.497 1.686 3.238 3.579 2.761 2.288 1.216 0.745 
0.529 0.375 1.956 2.186 3.460 3.667 2.957 2.466 1.459 0.757 
0.506 0.760 2.143 2.348 3.328 3.434 2.807 2.451 1.556 0.642 
0.370 0.486 1.587 1.777 3.304 3.190 2.664 2.053 1.414 0.611 
0.286 0.526 1.465 1.858 2.910 3.168 2.826 2.040 1.642 0.702 
0.487 0.440 0.881 1.036 1.567 2.461 2.072 1.547 1.408 0.553 
0.710 0.246 0.327 0.528 1.447 2.725 1.896 1.395 1.271 0.636 
0.586 0.190 0.308 0.480 0.806 2.372 1.994 1.478 1.319 0.643 
0.455 0.176 0.255 0.489 1.038 2.414 1.794 1.254 1.125 0.555 
0.691 0.253 0.424 0.654 1.559 2.332 1.802 1.594 1.261 0.851 
0.852 0.248 0.255 0.364 0.808 1.757 1.430 0.935 0.714 0.555 
0.606 0.399 0.299 0.307 0.788 1.526 1.639 0.825 0.850 0.709 
0.489 0.626 1.433 1.852 2.837 3.392 2.554 2.060 1.057 0.644 
0.558 0.554 1.368 1.592 2.537 2.959 2.626 2.116 1.284 0.779 
0.513 0.520 0.993 1.136 2.157 2.559 2.427 1.960 1.070 0.687 
0.415 0.784 1.598 1.833 3.016 3.375 2.630 2.215 1.365 0.493 
0.337 0.333 1.937 2.292 3.297 3.368 2.744 2.377 1.554 0.729 
0.344 0.499 1.944 2.119 3.294 3.467 2.712 2.176 1.548 0.681 
0.454 0.488 1.682 2.080 3.373 3.633 2.900 2.370 1.719 0.683 
0.504 0.612 1.511 1.768 2.490 3.147 2.825 2.126 1.573 0.606 
0.359 0.891 1.171 1.954 2.727 3.317 2.861 2.202 1.624 0.609 
-999.000 0.359 0.515 0.668 0.968 2.572 2.145 2.081 1.550 1.098 
0.728 0.233 0.319 0.605 0.941 2.308 2.227 1.630 1.357 0.788 
0.595 0.222 0.367 0.555 0.870 1.993 1.888 1.465 1.302 0.783 
0.455 0.203 0.286 0.410 0.408 0.841 1.335 1.361 1.306 0.844 
0.608 0.251 0.298 0.616 0.880 2.034 1.894 1.609 1.275 0.964 
0.705 0.187 0.278 0.392 0.702 1.792 1.633 1.012 0.726 0.653 
0.772 0.309 0.379 0.482 1.100 1.697 1.580 0.868 0.821 0.780 
0.394 0.579 1.639 2.079 3.143 3.427 2.598 1.960 1.039 0.685 
0.305 0.595 1.644 2.134 3.363 3.150 2.479 1.859 1.088 0.569 
0.339 0.640 1.691 1.960 3.022 2.932 2.305 1.848 0.939 0.466 
0.366 1.023 1.684 1.990 3.047 3.153 2.683 1.796 1.079 0.435 
0.371 0.848 1.846 2.163 2.983 3.264 2.679 2.241 1.356 0.638 
0.339 0.561 1.758 1.921 3.065 3.072 2.636 1.984 1.247 0.471 
0.205 0.389 1.478 1.859 2.999 3.142 2.826 2.231 1.609 0.659 
0.361 0.416 1.398 1.904 2.675 3.202 2.687 2.157 1.648 0.702 
0.262 0.682 1.620 2.045 2.984 3.204 2.742 2.204 1.744 0.738 
0.308 0.157 0.463 0.851 1.314 3.051 2.716 2.532 1.856 1.267 
0.466 0.229 0.326 0.535 0.731 1.484 1.801 1.608 1.521 1.113 
0.565 0.319 0.346 0.457 0.718 1.483 1.802 1.509 1.372 0.955 
0.698 0.185 0.270 0.452 0.544 1.174 1.787 1.476 1.280 1.098 
0.599 0.189 0.486 0.646 1.295 2.013 1.844 1.149 0.915 0.619 
0.568 0.184 0.267 0.385 1.189 1.817 1.746 0.846 0.626 0.591 
0.459 0.262 0.431 0.461 0.944 1.574 1.826 1.275 0.924 0.900 
0.515 0.298 0.707 0.880 1.240 1.989 1.798 1.105 0.953 0.721 
0.691 0.545 1.327 1.817 2.002 2.061 1.841 1.240 0.853 0.448 
0.467 0.873 1.485 1.706 2.790 2.614 2.384 1.516 0.887 0.341 
0.450 0.718 1.581 1.856 2.831 2.897 2.474 1.916 1.123 0.496 
0.437 0.832 1.384 1.663 2.265 2.295 2.045 1.509 1.127 0.488 
0.378 0.345 1.454 1.878 2.860 3.383 2.838 2.269 2.028 0.751 
0.560 0.218 0.281 0.832 0.765 1.259 1.910 1.756 1.863 1.140 
0.579 0.302 0.276 0.537 0.751 1.378 1.922 1.860 1.726 1.142 
0.562 0.339 0.334 0.573 0.812 1.826 1.940 1.723 1.481 1.026 
0.352 0.175 0.357 0.741 1.446 2.678 2.634 2.369 1.405 1.260 
0.712 0.235 0.313 0.483 0.771 1.369 1.950 1.627 1.275 1.041 
0.611 0.294 0.920 1.385 1.632 2.435 2.294 2.096 1.161 0.784 
0.416 0.360 0.982 1.132 2.537 2.960 2.326 1.763 1.075 0.479 
0.372 0.180 0.302 0.494 1.276 1.325 1.959 1.271 1.095 0.914 
0.439 0.230 0.324 0.441 1.023 1.255 1.505 0.917 1.061 0.764 
0.338 0.215 0.195 0.243 0.748 0.771 1.138 0.862 0.962 0.738 
-999.000 -999.000 -999.000 -999.000 -999.000 2.057 1.612 0.887 0.582 0.336 
0.454 0.252 0.346 0.573 0.879 2.211 2.224 2.097 1.507 1.078 
0.269 0.194 0.387 0.619 1.183 2.787 2.395 2.427 1.331 1.138 
0.346 0.233 0.406 0.690 1.353 2.641 2.346 2.463 1.211 1.236 
0.520 0.173 0.245 0.452 0.894 1.308 2.057 1.590 1.279 1.149 
-999.000 -999.000 -999.000 -999.000 -999.000 1.452 1.794 1.644 1.219 1.085 
