20180730 20180806 20180817 20180825 20180905 20180912 20180929 20181003 20181027 20181103 
-999.000 -999.000 0.502 -999.000 2.698 5.621 6.284 6.081 8.000 9.509 
1.198 1.123 0.877 1.750 2.220 4.588 4.721 5.922 6.243 8.215 
0.726 0.769 0.592 1.184 2.666 4.583 5.353 6.456 6.928 9.703 
0.525 0.721 0.793 1.219 4.153 5.653 5.872 7.382 9.495 10.805 
-999.000 -999.000 -999.000 -999.000 -999.000 6.271 5.864 9.337 11.249 11.726 
0.449 0.838 1.163 1.799 4.937 5.989 6.613 7.766 10.336 12.304 
0.487 0.945 1.411 2.125 4.762 6.429 6.934 7.561 9.441 11.442 
0.600 0.761 1.030 1.994 4.088 6.174 6.527 7.828 9.856 10.620 
0.604 0.742 1.379 1.835 4.507 5.517 6.214 8.110 9.826 10.594 
0.834 0.846 0.804 1.582 3.317 4.280 5.663 7.678 7.878 8.980 
0.609 0.368 0.371 0.677 1.786 3.356 7.384 7.877 6.976 9.063 
0.824 0.433 0.413 0.910 2.471 3.811 7.189 7.848 7.670 9.908 
0.510 0.984 1.554 2.697 5.724 6.943 8.027 8.370 10.148 10.767 
0.527 0.807 1.760 2.199 5.264 6.474 7.897 9.264 10.149 11.960 
0.688 1.002 1.321 1.738 4.356 6.221 7.153 8.495 9.354 9.900 
0.683 0.753 0.668 1.482 3.530 4.477 5.626 7.163 7.778 8.740 
0.880 0.547 0.434 1.394 2.727 4.014 5.243 7.124 7.331 9.450 
0.595 0.570 0.230 0.762 2.572 3.952 6.395 6.950 7.349 9.833 
0.620 0.533 0.533 0.562 0.956 4.763 5.933 6.401 5.523 8.445 
0.527 0.465 0.472 0.764 1.186 4.599 6.811 7.714 6.814 9.895 
0.712 0.528 0.610 0.795 1.932 4.480 7.098 7.511 7.078 9.616 
0.679 0.334 0.509 0.919 2.068 4.926 7.547 8.305 6.844 9.836 
0.647 0.703 0.692 1.574 3.375 4.895 7.854 7.891 6.988 9.347 
0.526 0.688 1.617 2.526 5.089 6.275 8.036 9.157 10.161 11.234 
0.623 0.617 0.825 1.503 3.484 4.930 6.781 7.716 8.516 10.076 
1.146 1.021 0.796 1.511 2.704 4.693 5.362 7.160 7.476 8.539 
0.947 0.711 0.503 1.298 2.307 4.073 5.388 7.640 7.533 9.054 
0.532 0.768 0.848 1.598 4.385 4.767 6.328 7.864 10.084 11.868 
0.570 0.457 0.458 0.540 0.792 3.033 4.716 6.458 6.179 8.574 
0.714 0.544 0.368 0.634 1.031 4.248 5.973 7.536 6.718 9.522 
0.522 0.571 0.600 0.938 1.251 5.419 6.488 7.415 8.679 10.427 
0.355 0.700 0.977 1.304 1.997 6.085 7.701 8.651 10.517 12.144 
0.639 0.802 0.737 1.229 3.249 4.827 7.840 8.561 9.009 10.593 
0.853 0.517 0.550 0.813 1.382 4.720 7.569 7.993 6.122 9.495 
0.639 0.452 0.511 0.695 2.375 4.693 7.706 8.399 6.404 9.367 
0.783 0.409 0.454 1.026 2.037 4.481 6.505 6.488 6.223 8.683 
0.803 0.491 0.507 1.066 3.043 4.553 6.779 7.597 6.559 9.591 
0.932 0.656 0.448 0.708 2.514 4.138 5.490 6.977 6.656 9.104 
0.506 0.719 0.848 1.726 3.998 5.064 6.969 8.286 9.982 11.607 
0.455 0.782 1.505 1.544 4.425 5.845 6.945 8.308 10.868 12.904 
0.356 0.671 1.164 1.306 4.114 5.500 5.834 6.993 10.029 11.491 
-999.000 -999.000 -999.000 -999.000 -999.000 6.003 5.139 6.174 6.295 7.495 
0.339 0.479 0.708 0.968 1.503 5.347 6.193 7.090 8.692 10.397 
1.038 0.712 0.453 0.633 1.082 4.175 5.623 6.475 7.020 9.143 
1.003 0.539 0.403 0.576 0.595 4.500 6.121 6.896 7.165 9.384 
1.119 0.788 0.471 0.921 1.825 5.746 4.082 5.525 6.522 8.586 
0.529 0.688 0.894 1.358 2.362 6.218 7.892 9.042 10.706 12.123 
0.974 0.461 0.719 1.258 3.320 5.353 8.343 8.964 10.307 11.880 
0.835 0.578 0.577 0.822 2.746 4.566 7.293 7.753 7.656 9.396 
0.693 0.425 0.530 0.659 1.712 4.764 7.034 7.972 5.626 9.107 
0.832 0.385 0.465 0.769 1.995 4.104 6.464 7.061 5.984 8.791 
0.988 0.510 0.551 0.657 2.778 3.736 5.723 6.688 6.998 9.586 
0.932 0.665 0.645 0.717 3.512 4.150 6.484 7.717 8.526 10.389 
0.694 0.874 0.943 1.516 4.327 5.460 6.294 7.255 9.732 11.422 
0.326 0.516 2.311 1.653 4.857 5.351 6.909 7.936 10.262 12.186 
0.326 0.531 2.129 1.704 5.064 6.180 6.904 8.032 10.332 12.069 
-999.000 -999.000 -999.000 -999.000 -999.000 2.224 4.098 5.878 4.881 7.735 
0.363 0.856 3.424 2.670 3.849 7.366 6.948 8.255 8.323 9.105 
0.464 0.810 1.788 1.983 3.590 6.409 6.325 7.158 6.635 8.583 
0.406 0.471 0.598 0.742 1.872 5.696 5.224 6.694 6.500 7.744 
0.481 0.582 0.462 0.603 1.120 5.665 5.094 7.137 6.609 8.287 
0.667 0.674 0.461 0.714 0.864 4.971 5.673 6.500 6.168 8.091 
0.552 0.501 0.487 0.791 0.915 5.291 6.204 7.207 7.396 7.934 
0.838 0.542 0.603 1.021 1.783 5.938 6.848 7.650 8.973 10.414 
0.691 0.495 0.884 1.140 3.644 5.785 8.280 8.968 10.733 12.182 
0.653 0.520 0.698 1.105 2.761 4.586 7.233 7.732 7.755 9.400 
0.767 0.535 0.460 0.975 1.901 3.835 6.530 6.621 4.764 8.446 
0.467 0.388 0.460 0.852 2.133 4.098 6.469 7.018 5.607 8.997 
0.774 0.651 0.567 0.881 3.266 3.821 6.090 6.827 6.546 9.200 
0.601 0.585 1.180 1.577 4.393 5.342 7.325 8.031 10.076 11.164 
0.468 0.597 1.464 1.593 4.831 5.215 7.667 8.997 10.553 12.387 
0.577 0.789 2.116 2.017 5.324 6.266 6.936 7.781 9.799 11.205 
0.725 0.619 1.500 1.244 4.507 5.247 6.825 8.187 8.585 9.838 
0.636 0.594 0.369 0.502 1.998 3.558 5.114 7.214 5.492 8.734 
0.379 0.385 0.398 0.863 2.762 7.447 6.489 7.125 10.713 11.240 
0.366 0.556 2.346 1.983 4.376 7.607 6.613 8.127 9.356 9.898 
0.379 0.983 3.090 2.938 5.490 7.494 6.929 8.485 9.065 9.234 
0.369 0.977 2.007 2.810 5.696 7.007 6.946 8.800 7.460 9.116 
0.582 0.897 0.702 0.890 2.532 6.251 3.857 4.417 3.798 5.705 
0.605 0.572 0.508 0.767 2.120 5.427 3.631 4.741 4.170 5.485 
0.513 0.746 0.591 0.801 1.469 5.755 5.469 6.970 7.992 9.390 
0.485 0.579 0.516 0.944 2.304 5.696 5.551 6.143 5.262 7.708 
0.716 0.542 0.533 0.771 1.744 5.201 6.087 6.667 7.363 9.290 
0.736 0.586 0.948 1.192 2.784 5.698 7.311 7.986 9.866 10.886 
0.507 0.478 0.770 1.446 2.708 5.428 7.637 7.650 9.202 10.350 
0.538 0.662 0.954 1.240 3.446 5.132 7.153 6.923 7.508 9.722 
0.945 0.483 0.626 1.052 2.738 3.945 6.906 7.558 6.899 10.093 
1.963 0.445 0.276 0.612 1.895 4.110 6.101 7.082 6.941 10.044 
0.487 0.647 1.237 1.637 5.468 5.788 6.562 8.822 10.285 11.739 
0.392 0.666 1.554 1.860 4.789 6.089 8.206 10.133 11.073 12.832 
0.690 0.771 1.353 1.480 4.174 4.807 6.542 7.868 9.031 11.123 
0.802 0.708 0.494 0.549 2.477 3.877 5.236 7.230 6.104 8.519 
0.802 0.555 0.418 0.569 3.096 4.445 5.614 7.474 5.773 9.184 
0.921 1.179 0.810 0.741 3.555 6.360 6.087 7.281 7.606 8.780 
0.415 0.827 0.866 2.009 5.703 6.171 6.223 7.524 10.071 10.804 
0.427 0.722 0.686 1.587 4.761 6.768 7.733 8.009 10.936 11.090 
0.519 0.685 0.840 1.154 4.231 7.176 6.873 8.244 10.546 10.866 
0.607 1.173 1.719 2.808 5.788 7.106 6.967 9.074 8.677 8.648 
0.394 1.349 2.202 3.226 5.487 7.617 7.260 9.590 9.194 9.646 
0.516 1.722 1.525 1.801 3.745 6.775 7.257 7.919 8.020 8.850 
0.384 0.633 1.020 0.982 2.141 7.456 6.588 6.730 8.431 10.113 
0.432 0.515 0.906 1.070 1.991 7.141 6.396 7.068 9.633 10.860 
0.601 0.667 0.584 0.872 2.196 5.368 5.678 6.816 7.989 9.191 
0.481 0.453 0.640 0.618 2.145 4.851 7.083 7.921 9.092 9.447 
0.680 0.612 0.761 1.065 2.343 5.413 6.501 7.304 8.508 10.377 
0.417 0.520 0.866 1.295 2.697 5.776 7.968 8.339 10.335 12.045 
0.502 0.432 0.762 1.250 3.699 5.320 7.451 7.846 8.995 11.176 
1.821 0.546 0.390 0.797 1.687 3.964 6.411 6.309 7.340 9.718 
1.251 0.468 0.335 0.623 1.366 4.520 5.738 6.169 7.019 9.868 
1.190 0.651 0.584 0.909 1.948 4.796 5.477 7.684 7.934 11.047 
0.562 0.626 1.419 1.831 4.728 5.425 7.494 9.105 10.314 12.396 
0.415 0.749 1.367 1.377 4.954 5.206 7.312 8.457 10.640 12.102 
0.985 0.602 0.788 1.124 3.708 4.925 5.341 6.883 7.834 9.330 
0.721 0.530 1.502 1.340 4.534 5.720 6.598 7.732 9.782 11.459 
0.463 0.604 1.599 1.440 4.982 5.365 6.535 8.929 9.744 11.761 
0.352 0.475 0.595 0.735 4.790 6.037 6.423 6.411 10.317 9.935 
0.358 0.774 0.847 1.323 5.953 6.723 7.017 7.855 11.011 11.369 
0.577 1.111 1.104 2.222 5.631 7.346 7.151 7.730 9.933 10.626 
0.579 0.546 1.447 1.526 5.087 7.014 7.332 8.125 10.187 10.806 
0.533 1.410 1.433 1.480 4.275 7.573 7.205 8.511 10.154 10.169 
0.458 1.547 2.344 3.158 6.030 7.507 6.896 9.294 10.427 10.395 
0.597 0.976 1.239 1.529 3.321 6.812 6.826 7.739 9.347 10.255 
0.496 0.763 0.994 0.999 2.309 6.779 6.713 6.834 8.784 10.496 
0.494 0.559 0.742 0.774 1.540 5.646 6.508 8.304 10.341 11.705 
0.590 0.713 0.572 0.842 1.633 5.315 6.560 8.167 10.122 10.863 
0.469 0.497 0.836 0.759 2.030 5.061 6.323 7.205 8.806 9.346 
0.836 0.713 0.692 0.871 2.134 6.306 6.199 7.471 9.478 10.345 
0.490 0.666 1.193 1.909 4.292 6.517 7.569 9.014 10.412 11.474 
0.609 0.540 1.051 1.313 4.134 5.929 7.837 8.949 9.057 11.379 
0.806 0.576 0.732 0.951 3.562 5.232 7.199 8.082 8.102 11.219 
1.360 0.534 0.321 0.440 1.157 4.410 6.134 6.243 7.041 11.136 
1.222 0.546 0.420 0.561 2.463 5.490 6.831 6.857 7.754 10.414 
0.587 0.877 0.591 1.060 4.250 5.260 7.126 8.268 9.966 11.151 
0.396 0.681 1.048 1.341 5.507 4.867 7.718 9.302 11.168 12.771 
0.652 0.875 1.778 1.516 4.845 6.144 6.827 7.958 10.343 11.944 
0.673 0.624 1.489 1.432 4.594 5.288 6.232 8.031 10.299 11.888 
0.601 0.611 1.579 1.412 5.302 5.192 5.984 8.516 9.603 11.788 
0.511 0.825 0.715 0.979 4.565 4.884 6.500 7.865 8.464 11.147 
0.395 1.209 1.437 2.051 7.291 8.019 8.202 7.669 10.645 10.996 
0.503 0.772 1.058 1.399 5.417 6.395 6.446 6.437 10.251 11.251 
0.412 0.475 1.062 1.220 5.545 7.956 7.151 7.284 11.221 11.555 
0.516 0.711 0.798 1.286 4.657 7.159 6.817 7.406 10.150 10.298 
0.595 0.792 1.148 1.450 4.587 7.640 6.582 7.978 10.649 10.289 
0.436 0.700 1.259 1.341 4.826 7.373 7.123 8.512 11.343 11.281 
0.719 0.656 0.648 0.860 2.924 6.892 5.790 6.698 9.790 10.442 
0.592 0.480 0.693 0.887 3.124 7.070 5.995 6.903 8.372 10.450 
0.546 0.691 0.973 1.050 2.708 6.817 6.939 7.209 9.902 10.779 
0.476 0.843 0.689 0.737 2.058 5.536 7.193 8.637 10.533 11.250 
0.472 0.591 0.654 0.765 2.168 4.976 6.683 8.817 11.185 11.300 
0.587 0.908 1.383 1.437 3.566 6.661 6.670 7.463 10.177 10.837 
0.612 0.492 1.733 1.374 4.028 6.883 7.008 7.154 9.646 10.374 
0.842 0.851 1.451 1.537 4.979 7.234 7.443 8.187 9.963 10.579 
0.465 0.637 1.710 1.615 5.542 6.862 7.955 9.223 9.651 11.462 
0.433 0.523 1.790 1.068 4.709 6.953 8.318 8.962 9.014 11.259 
0.732 0.754 0.694 0.949 3.767 6.418 7.441 7.641 7.457 10.751 
0.806 0.580 0.883 0.972 5.417 6.725 8.146 8.562 9.081 11.757 
0.564 0.567 1.214 0.999 5.345 6.706 7.745 7.937 10.521 12.025 
0.563 0.803 1.581 1.535 4.756 6.539 7.562 7.894 11.180 12.626 
0.520 0.488 1.880 1.370 4.276 6.565 7.167 7.470 10.868 12.691 
0.606 0.707 1.077 1.087 4.083 6.301 6.225 7.771 10.108 11.606 
0.497 0.546 1.739 1.259 5.402 5.788 5.674 8.506 9.824 11.253 
0.430 0.637 1.121 1.488 5.321 5.440 6.325 8.259 9.612 11.168 
0.461 0.853 1.933 2.583 7.243 7.654 7.816 7.622 9.077 9.888 
0.579 0.822 1.155 1.530 4.507 6.406 6.385 5.677 9.858 10.428 
0.524 0.657 0.867 1.310 4.980 6.512 6.300 6.610 9.973 8.959 
0.454 0.474 0.894 0.927 4.111 7.316 6.399 6.938 10.640 9.916 
0.608 1.013 0.929 1.272 4.458 7.082 6.458 6.731 10.230 9.462 
0.652 0.509 1.060 1.215 4.839 7.090 5.973 6.868 11.061 10.615 
0.642 0.794 0.932 0.935 4.001 7.696 6.170 6.661 11.007 10.753 
0.499 1.004 1.037 1.071 4.824 6.198 6.715 8.044 8.668 10.634 
0.425 0.722 1.185 1.637 4.323 6.189 7.398 8.027 9.225 10.578 
0.475 1.490 1.232 1.261 4.329 5.104 7.812 7.903 10.855 11.281 
0.583 1.214 0.872 0.971 3.609 5.588 7.300 8.803 9.250 11.121 
0.585 0.680 0.811 0.821 3.135 6.354 6.789 8.053 10.606 11.777 
0.540 0.628 0.883 1.232 4.329 6.432 7.043 9.256 9.798 11.350 
0.530 0.624 0.769 1.002 3.992 6.725 7.735 7.933 10.111 11.270 
0.463 0.884 1.090 1.128 4.554 6.245 7.401 8.113 9.459 11.138 
0.453 0.525 1.684 1.143 4.963 7.211 8.091 8.952 9.371 11.250 
0.582 0.963 1.985 1.357 5.878 7.921 8.335 9.481 9.320 11.448 
0.518 0.816 1.408 1.401 5.079 7.366 8.195 8.417 8.667 11.152 
0.504 0.587 1.528 1.312 5.368 7.642 8.261 8.702 10.048 11.133 
0.456 1.003 0.833 0.969 4.173 6.309 7.327 7.928 10.912 11.881 
0.402 0.446 0.840 1.002 3.970 5.879 7.194 7.751 11.176 12.567 
0.502 0.807 1.519 1.467 4.478 6.059 6.721 8.545 10.848 12.093 
0.661 0.707 1.619 1.462 4.926 6.590 6.540 7.973 10.553 11.184 
0.523 0.701 1.738 1.637 5.965 6.373 7.044 7.501 10.609 11.840 
0.776 0.715 0.909 1.296 4.556 5.846 7.135 8.584 10.055 11.376 
0.462 1.928 1.439 1.479 3.774 5.153 5.251 5.497 8.583 8.915 
0.544 1.145 1.170 1.516 3.932 6.524 6.289 7.155 9.429 9.911 
0.750 0.765 1.720 1.355 5.342 7.706 7.636 8.686 11.120 10.983 
0.703 0.597 1.224 1.323 5.382 7.867 7.301 8.332 11.003 10.457 
0.534 0.562 1.226 1.656 5.284 7.006 5.314 6.992 10.914 10.063 
0.482 0.548 1.338 1.393 5.113 6.477 6.296 7.827 11.066 10.359 
0.554 0.804 0.705 1.160 3.949 6.398 6.503 7.360 10.452 10.090 
0.460 0.884 1.645 2.018 5.382 5.753 6.862 7.715 10.608 10.229 
0.476 0.953 1.743 2.261 5.633 6.406 7.564 7.442 11.427 11.636 
0.509 0.970 1.751 2.147 4.827 6.125 7.605 8.163 9.854 11.266 
0.504 0.634 1.589 1.754 5.089 7.060 6.699 8.403 9.958 11.137 
0.559 0.744 0.952 1.200 4.864 7.269 6.859 7.675 10.027 11.050 
0.516 0.511 0.723 1.045 4.711 6.494 7.607 8.071 10.064 11.380 
0.458 0.882 0.704 0.844 3.916 6.423 7.549 8.372 9.961 11.120 
0.573 0.865 2.293 1.374 5.206 6.974 8.111 9.045 10.452 11.336 
0.559 0.619 2.118 1.101 5.781 7.305 8.002 8.569 8.823 11.330 
0.553 1.185 1.466 1.347 5.463 7.566 7.950 8.433 8.077 10.669 
0.521 0.610 1.481 1.486 5.614 7.537 8.203 9.328 9.543 11.657 
0.508 0.828 1.278 1.102 4.910 6.804 7.532 9.360 10.541 11.903 
0.540 0.687 1.814 1.311 5.255 6.087 7.629 8.891 11.406 12.186 
0.568 0.520 1.463 0.813 4.563 6.173 7.827 8.558 11.237 12.384 
0.700 0.816 1.201 1.312 4.183 6.297 6.999 7.925 10.210 11.740 
0.608 0.774 1.098 1.260 4.766 5.564 7.133 7.397 10.061 11.560 
0.436 0.516 0.804 0.963 4.409 5.634 7.098 7.497 9.531 11.106 
-999.000 -999.000 -999.000 -999.000 -999.000 6.046 6.876 7.706 5.837 9.864 
0.682 1.079 0.938 1.177 3.656 6.889 6.862 7.529 9.335 9.875 
0.620 0.560 1.176 1.046 4.238 7.086 7.295 8.070 10.597 10.150 
0.510 0.518 1.074 1.619 5.252 6.653 6.971 7.621 10.850 8.686 
0.313 0.348 1.232 1.784 5.242 6.911 6.916 7.274 11.404 9.016 
0.385 0.681 1.031 1.767 5.193 6.502 6.603 7.505 11.554 11.153 
0.476 0.961 1.932 2.517 5.729 6.531 6.867 7.584 10.387 11.405 
0.435 0.576 1.758 1.870 5.820 6.277 7.104 6.837 10.306 11.849 
0.595 1.370 1.292 2.118 4.936 6.243 7.257 7.599 9.646 10.779 
0.522 0.760 1.408 1.896 4.871 6.234 6.676 8.431 9.864 11.739 
0.636 0.678 1.713 1.144 4.832 6.067 6.583 8.629 10.074 11.650 
0.683 0.582 1.004 1.104 4.879 6.780 7.892 8.110 9.668 10.747 
0.542 0.768 0.843 0.777 4.771 6.670 7.701 8.174 10.464 11.516 
0.684 1.215 1.668 1.425 5.524 6.996 7.751 8.196 10.219 10.840 
0.523 0.745 0.864 0.873 4.937 6.908 7.922 8.333 9.867 10.995 
0.440 0.618 0.949 0.976 4.748 6.531 7.702 8.511 8.853 10.637 
0.450 0.773 1.078 1.087 4.738 6.933 8.060 8.772 8.675 11.195 
0.368 0.498 0.864 0.649 4.645 6.981 7.751 8.588 8.766 10.794 
0.536 0.561 0.915 0.795 4.461 6.532 7.192 8.519 9.641 10.757 
0.821 0.502 1.582 0.770 4.979 6.142 7.681 8.466 11.504 12.572 
0.832 0.764 1.329 0.993 4.809 5.961 7.177 8.343 11.034 12.534 
0.665 0.761 0.966 0.948 3.350 5.824 6.501 7.753 9.588 11.313 
0.555 0.651 1.190 1.039 4.430 5.614 6.451 8.198 8.308 11.295 
0.570 0.805 1.419 1.519 4.597 5.613 7.807 8.353 8.629 11.493 
0.536 0.510 1.023 1.764 4.496 6.754 6.928 7.282 9.551 8.664 
0.460 0.546 0.922 1.325 4.793 6.478 6.988 7.276 10.690 7.373 
0.557 0.549 1.221 1.914 5.151 6.532 6.540 7.330 10.419 9.853 
0.415 0.547 1.148 1.671 5.349 6.243 6.441 7.125 10.879 10.805 
0.612 0.791 1.104 1.467 4.848 6.521 6.595 7.483 10.698 11.283 
0.585 0.777 0.868 1.664 5.298 5.698 7.222 7.109 10.001 11.860 
0.437 0.726 0.643 1.156 4.066 6.494 7.762 8.593 10.490 11.179 
0.629 0.907 1.358 2.253 4.545 6.566 7.316 8.811 10.431 11.126 
0.818 0.555 1.733 1.882 5.377 7.599 7.102 8.968 10.157 11.067 
0.741 0.922 1.385 1.426 4.924 6.577 7.471 8.475 9.958 10.771 
0.651 0.521 2.351 1.576 5.636 6.679 8.120 9.012 10.755 11.909 
0.685 0.757 1.477 1.443 4.819 6.220 8.082 8.893 10.533 11.136 
0.671 1.265 1.162 1.142 5.072 6.140 7.539 8.321 10.559 10.933 
0.542 0.678 1.784 1.210 4.731 6.270 8.458 9.368 10.215 11.351 
0.427 1.175 1.806 1.301 5.576 6.394 8.315 9.137 9.129 10.785 
0.564 1.074 2.234 1.260 5.411 6.549 8.541 8.758 8.774 11.281 
0.583 0.515 1.915 1.095 5.617 6.744 8.334 9.855 9.844 11.832 
1.011 0.867 1.280 1.151 5.124 5.857 7.848 8.326 10.666 11.783 
0.837 0.585 1.461 0.965 5.732 5.314 7.350 8.505 10.625 12.363 
0.580 0.731 1.248 0.995 4.296 5.318 6.841 8.382 10.364 11.612 
0.535 0.565 1.012 0.822 3.601 5.324 6.921 7.906 10.034 11.771 
0.509 0.549 1.754 1.652 4.144 5.754 8.091 8.866 9.414 11.424 
0.568 0.592 1.793 3.109 7.028 6.888 7.881 10.345 9.952 11.822 
0.706 0.603 0.649 1.034 3.549 6.433 6.305 7.878 9.294 9.634 
0.579 0.537 1.356 1.021 5.010 6.321 6.382 8.164 10.638 9.778 
0.675 0.654 1.096 1.311 5.009 6.380 6.817 7.421 10.680 9.971 
0.473 0.470 1.561 1.778 5.787 7.117 6.203 7.814 11.181 11.031 
0.649 0.562 1.410 1.688 4.833 5.995 5.990 8.033 10.478 10.586 
0.538 0.722 0.516 1.207 3.950 6.607 6.227 8.490 10.119 10.678 
0.402 0.476 0.506 1.270 4.180 6.632 7.852 9.551 10.798 11.914 
0.499 0.797 0.643 1.588 3.918 6.409 7.156 8.668 10.620 10.899 
0.520 0.725 0.987 1.879 6.011 6.123 7.097 9.772 10.423 11.400 
0.563 0.626 1.447 2.066 5.280 6.698 6.596 9.050 10.857 11.916 
0.755 0.578 1.060 1.907 5.173 6.094 7.776 8.202 9.440 10.511 
0.668 0.567 1.212 1.903 5.155 6.035 7.646 8.590 9.306 10.169 
0.659 0.931 1.036 1.373 4.368 6.381 7.277 8.110 10.099 10.551 
0.651 0.822 2.165 1.483 5.904 6.822 8.149 9.468 11.004 11.502 
0.535 0.590 1.544 1.176 5.009 6.699 8.491 9.154 9.981 11.641 
0.490 0.723 1.600 1.661 5.842 6.778 7.640 8.616 8.571 10.907 
0.515 0.460 1.775 1.261 5.529 6.891 7.955 9.218 9.142 11.986 
0.511 0.530 1.707 1.011 5.896 7.184 8.143 8.645 5.880 12.098 
0.512 0.614 1.143 1.152 5.859 5.399 7.062 8.225 9.287 12.255 
0.553 0.587 1.190 0.942 4.930 5.353 6.953 7.831 9.883 11.918 
0.611 0.710 1.584 1.244 3.677 5.866 7.174 8.591 9.830 11.701 
0.781 0.723 2.036 2.308 5.567 6.336 8.676 9.617 10.767 11.978 
0.514 0.861 1.566 1.455 5.431 6.149 8.358 9.535 10.154 11.783 
1.359 0.689 0.884 1.035 4.693 6.683 6.015 7.139 10.406 9.549 
0.838 0.455 0.874 0.694 4.474 7.311 6.880 8.882 11.233 10.488 
0.679 0.850 1.153 1.310 4.879 6.503 6.073 7.293 10.649 9.996 
0.607 0.624 1.066 1.757 4.597 6.299 5.329 7.350 10.311 10.323 
0.520 0.772 0.670 1.081 3.722 5.791 5.187 7.831 9.350 9.861 
0.509 0.739 0.640 2.026 4.044 5.947 7.238 8.392 9.380 11.021 
0.382 0.610 0.824 2.812 4.954 5.293 7.127 7.651 9.637 10.866 
0.557 0.716 0.836 2.058 5.388 5.899 6.794 8.224 10.182 11.160 
0.642 0.582 1.056 2.634 4.870 5.942 6.550 8.225 9.303 10.915 
0.658 0.655 1.074 1.790 4.515 6.388 6.612 7.712 9.553 10.728 
0.775 0.608 0.789 1.800 5.116 5.879 7.901 8.825 10.016 11.039 
0.720 0.667 0.723 1.274 4.616 6.068 7.332 7.995 9.777 11.573 
0.647 1.096 0.991 1.308 5.016 6.424 6.949 8.672 10.363 11.404 
0.582 0.500 1.132 1.204 4.848 6.304 7.729 9.053 10.473 12.089 
0.555 0.667 1.612 1.628 5.038 5.350 7.963 8.713 9.750 11.853 
0.496 0.588 1.853 1.455 5.931 6.870 7.946 8.574 10.498 12.134 
0.390 0.581 1.285 0.926 5.006 6.900 7.707 8.779 9.809 12.716 
0.509 0.530 1.057 1.249 5.699 6.397 7.083 7.663 10.268 11.681 
0.596 0.638 1.985 1.352 5.273 6.381 8.784 8.756 10.578 11.734 
0.531 0.615 1.612 1.098 5.127 6.097 7.855 8.667 10.116 11.844 
0.635 1.002 2.212 1.455 5.645 6.288 7.814 9.721 10.478 11.812 
0.566 0.773 1.751 1.742 5.586 6.193 8.550 10.214 10.768 12.284 
0.514 0.884 2.279 1.315 5.037 7.011 6.896 9.595 11.079 12.833 
0.634 0.617 1.570 1.369 5.334 6.621 6.838 7.611 11.041 11.017 
0.597 0.750 1.702 1.795 5.336 6.735 7.163 8.625 10.836 10.626 
0.412 0.590 1.562 1.528 5.149 6.517 4.963 6.225 9.588 9.936 
0.364 0.726 1.151 1.283 4.232 5.935 5.124 7.012 10.308 10.908 
0.534 0.748 0.775 1.581 4.687 6.202 6.554 7.470 9.562 10.543 
0.429 0.581 1.289 2.641 5.532 6.546 7.973 8.015 10.274 11.330 
0.482 0.578 1.559 2.603 6.060 6.503 7.035 7.906 10.437 10.843 
0.500 0.805 1.504 2.360 5.317 6.432 6.405 7.553 10.211 11.364 
0.545 0.680 1.658 2.210 4.808 7.096 6.628 7.009 10.677 12.251 
0.550 0.672 0.971 1.817 5.062 6.268 6.854 8.613 9.620 11.547 
0.432 0.581 1.109 1.979 5.288 5.748 6.933 9.196 9.142 12.537 
0.443 1.270 0.786 1.347 3.846 5.806 6.562 8.183 9.105 11.621 
0.547 0.767 1.381 1.674 4.905 5.525 7.504 8.876 10.741 11.907 
0.472 0.471 0.969 1.376 4.852 5.873 7.801 8.162 9.451 11.932 
0.532 0.589 1.712 1.226 5.782 6.998 7.054 6.760 10.124 10.710 
0.432 0.546 1.542 1.200 5.778 7.195 7.592 8.642 11.325 12.016 
0.496 0.873 1.845 1.657 5.042 6.819 8.040 8.677 10.847 12.095 
0.525 0.789 1.463 1.366 5.663 6.164 8.198 8.159 10.286 11.744 
0.456 0.867 1.323 1.172 4.822 6.461 8.435 9.519 10.414 12.205 
0.550 0.907 1.740 1.319 5.317 6.683 7.893 9.742 10.552 11.856 
0.454 0.738 2.077 1.502 5.917 7.117 7.773 10.152 11.521 12.749 
0.545 0.532 2.073 1.285 4.782 6.152 7.730 9.625 10.979 12.618 
-999.000 -999.000 -999.000 -999.000 -999.000 5.527 6.613 7.139 7.697 10.318 
0.556 0.446 2.696 2.942 5.816 7.436 7.555 9.696 10.267 11.420 
0.571 0.859 1.349 2.044 5.643 6.550 6.167 7.650 10.598 10.618 
0.403 0.505 1.700 1.927 5.881 6.951 5.819 7.236 10.402 10.761 
0.334 0.635 1.744 1.893 6.215 7.189 6.584 7.678 10.627 11.319 
0.407 0.576 1.507 2.638 5.405 6.382 7.777 7.820 9.649 11.085 
0.452 0.581 1.483 2.554 4.689 6.196 7.784 8.270 9.857 10.969 
0.578 0.895 1.276 2.020 4.467 6.474 6.262 7.988 9.983 10.849 
0.383 0.480 0.672 1.926 4.740 6.277 6.141 8.011 9.368 11.073 
0.456 0.531 0.784 1.604 4.561 6.064 5.999 7.625 8.779 11.078 
0.552 0.576 1.548 2.171 5.304 6.612 7.015 8.433 9.778 12.203 
0.507 0.571 0.903 1.750 4.560 6.335 7.196 8.075 9.104 11.649 
0.633 0.749 1.238 2.159 4.629 6.129 6.824 6.735 9.712 11.619 
0.652 0.595 2.741 3.630 5.949 6.466 8.196 8.320 10.821 12.156 
0.525 0.737 1.985 1.592 5.109 7.107 8.149 8.469 9.929 8.852 
0.495 0.841 1.655 1.398 5.423 6.888 8.018 8.233 9.597 10.400 
0.446 0.693 2.437 1.575 4.549 6.632 8.467 7.989 10.559 11.893 
0.553 0.945 1.678 1.462 4.410 6.785 7.727 7.883 10.331 11.531 
0.427 0.924 1.723 1.410 4.775 6.529 8.787 9.997 10.418 12.222 
0.443 0.683 2.133 1.474 5.024 7.099 7.730 8.300 9.918 11.738 
0.519 0.583 1.826 1.484 5.651 7.120 7.476 8.326 10.707 11.705 
0.440 0.601 1.814 1.503 5.177 6.312 7.746 8.095 10.095 12.118 
0.435 0.685 1.654 1.196 4.767 5.555 7.452 7.550 8.624 11.178 
0.400 0.530 0.999 1.673 5.702 6.548 6.299 7.787 10.233 10.956 
0.449 0.563 1.571 1.971 6.233 7.193 5.810 7.017 9.716 10.138 
0.394 0.644 1.787 1.997 6.441 7.259 6.200 8.088 10.570 10.959 
0.424 0.531 1.198 1.917 5.866 6.980 6.569 7.967 10.424 11.247 
0.567 0.487 0.618 1.614 4.700 5.567 8.046 8.536 9.935 11.397 
0.654 0.607 0.892 1.719 4.640 6.272 7.088 8.222 10.089 10.848 
0.624 0.632 0.958 1.778 4.793 5.947 6.603 8.157 9.656 11.186 
0.631 0.535 1.868 1.799 4.447 5.624 6.403 7.596 9.116 11.510 
0.513 0.693 1.165 2.010 4.215 6.069 6.763 6.938 8.934 11.119 
0.542 0.436 1.602 2.896 5.282 6.550 7.127 7.275 10.453 12.397 
0.544 0.566 1.267 2.159 5.225 7.001 7.010 7.231 10.728 12.428 
0.576 0.689 1.632 2.360 5.076 6.654 7.775 8.554 10.305 9.638 
0.523 0.569 2.026 1.858 5.007 6.978 8.614 9.629 9.501 6.988 
0.512 0.865 2.079 1.627 5.389 7.261 8.193 8.157 8.464 8.316 
0.489 1.222 2.533 2.225 4.919 8.021 8.924 9.376 10.382 13.013 
0.500 1.191 2.139 2.118 5.011 7.555 8.571 9.914 10.044 13.051 
0.511 0.902 1.902 1.518 5.536 6.678 7.035 7.896 8.241 11.214 
0.496 0.605 2.233 1.628 5.638 6.760 8.418 9.411 9.346 12.185 
0.550 1.003 1.724 1.117 5.258 6.134 7.983 9.225 9.661 12.010 
0.500 0.709 1.666 1.636 4.781 5.321 7.542 8.123 9.504 11.791 
0.440 0.608 1.440 1.250 3.907 6.185 7.511 7.297 8.260 12.491 
0.750 0.637 1.371 1.031 2.604 5.631 7.065 6.915 7.480 11.389 
0.457 0.441 1.277 1.771 4.885 6.818 5.203 6.251 8.864 9.410 
0.387 0.600 1.670 1.724 5.838 7.694 5.395 6.413 10.206 10.934 
0.414 0.540 1.447 1.599 5.643 7.186 6.434 7.328 10.397 11.738 
0.614 0.525 0.648 1.198 3.247 5.426 6.924 7.652 9.283 11.461 
0.747 0.601 0.741 1.070 3.996 5.251 7.529 8.175 10.294 11.529 
0.670 0.577 0.746 1.109 3.697 5.090 6.161 7.279 9.682 10.856 
0.489 0.633 1.890 2.373 5.970 6.719 7.289 8.334 10.995 12.804 
0.461 0.656 1.971 2.270 5.478 6.550 6.827 7.865 10.487 12.545 
0.641 0.866 1.373 2.256 4.721 7.167 6.381 7.575 10.116 11.787 
0.539 0.648 2.059 3.086 5.459 7.097 7.294 7.928 11.048 12.233 
0.552 0.935 1.687 2.553 5.257 6.807 7.961 8.554 10.791 11.082 
0.522 0.479 1.854 2.197 5.404 7.037 7.699 9.646 10.686 8.090 
0.544 0.531 1.649 1.615 4.255 6.809 8.238 9.245 9.775 8.883 
0.566 1.088 1.880 1.919 5.224 7.534 7.921 8.581 9.237 11.699 
0.510 0.810 2.355 1.421 4.006 6.579 7.925 8.029 8.119 11.624 
0.523 0.819 1.646 1.363 4.899 6.378 7.124 7.701 7.608 11.255 
0.453 0.797 1.133 0.964 5.289 6.416 7.917 9.899 7.943 12.284 
0.470 0.567 1.595 1.271 4.352 6.635 7.751 8.946 9.352 12.485 
0.669 0.806 1.580 1.769 4.025 6.409 7.601 6.473 9.029 12.187 
0.482 0.638 2.068 2.222 4.339 6.036 8.021 7.390 7.916 12.579 
0.473 0.623 1.701 1.145 2.904 6.345 7.641 8.321 7.386 10.974 
0.503 0.837 0.904 1.220 4.830 7.043 5.616 4.994 9.436 10.451 
0.542 0.663 1.559 1.713 4.561 7.038 6.099 7.776 10.063 11.574 
0.446 0.412 1.204 1.145 3.638 6.278 5.726 7.500 8.108 10.815 
0.464 0.515 1.511 1.834 5.126 6.616 6.885 7.802 10.468 12.060 
0.570 0.551 2.455 2.428 6.029 6.835 6.997 7.154 10.138 12.326 
0.556 0.751 2.521 2.515 5.275 6.748 6.913 7.103 10.130 12.049 
0.571 0.556 1.964 2.897 5.365 6.672 7.545 9.281 10.402 8.733 
0.548 0.477 0.741 1.881 5.495 6.520 8.369 10.788 9.538 5.145 
0.600 0.653 1.208 1.616 4.678 6.608 7.723 9.297 10.256 9.268 
0.520 0.548 2.225 2.313 5.139 7.489 8.554 9.180 10.775 12.615 
0.529 0.697 2.208 1.977 4.331 7.476 8.065 8.815 9.416 12.209 
0.481 0.689 2.096 1.735 4.934 6.967 7.716 7.816 8.154 11.386 
0.401 0.438 2.007 1.034 4.406 6.707 7.497 8.208 7.027 12.038 
0.611 0.896 0.876 0.866 3.864 6.326 7.824 9.116 6.874 11.593 
0.502 0.708 1.932 1.639 4.331 6.972 7.838 7.629 8.010 12.411 
0.511 0.914 1.859 1.823 4.228 6.374 7.770 6.621 8.718 12.316 
0.501 0.666 1.850 1.772 3.797 6.662 7.936 7.023 8.218 11.291 
0.572 0.766 1.748 1.620 3.498 5.905 7.456 7.020 5.893 6.400 
0.461 0.495 1.218 1.006 4.168 6.323 7.894 10.104 7.392 8.359 
0.526 0.703 1.914 1.502 4.460 7.550 5.912 8.511 10.426 11.997 
0.500 0.573 2.074 1.595 5.384 7.172 5.933 6.811 8.320 9.147 
0.431 0.832 1.289 1.513 5.337 6.846 6.093 6.995 8.373 9.189 
0.472 0.535 0.579 1.521 4.908 6.661 6.990 8.035 9.888 10.777 
0.506 0.689 0.978 1.788 5.516 6.819 7.239 8.038 10.709 11.587 
0.552 0.545 2.197 1.910 6.185 7.056 7.155 7.299 10.325 11.945 
0.503 0.661 2.242 2.211 5.691 7.495 6.198 7.595 11.175 12.477 
0.637 0.625 1.131 1.989 5.600 7.033 5.644 9.023 9.850 7.796 
0.542 0.479 0.702 1.907 5.464 6.219 7.474 9.866 9.789 5.467 
0.423 0.634 0.608 1.254 5.138 6.563 7.371 7.707 9.586 11.565 
0.510 0.594 1.565 1.480 4.782 6.431 7.553 8.003 9.988 11.727 
0.454 0.584 1.830 1.342 4.458 6.767 7.864 8.351 8.197 12.004 
0.472 0.682 1.717 1.164 4.967 6.819 7.366 8.374 7.164 11.135 
0.471 0.684 1.321 1.133 5.056 6.657 8.225 10.188 7.272 12.044 
0.408 0.738 1.667 1.169 4.160 6.546 7.533 7.183 7.403 11.460 
0.697 0.775 1.850 1.749 4.315 6.393 7.708 7.758 8.136 12.313 
0.522 0.460 1.422 1.523 4.283 6.285 8.577 9.558 8.099 9.762 
0.807 0.810 1.157 1.381 3.782 6.628 8.110 9.206 7.140 5.066 
0.702 0.597 1.632 1.367 3.271 6.593 8.008 8.553 8.186 10.615 
0.527 0.483 1.109 0.869 2.322 6.260 7.728 8.183 8.718 12.186 
-999.000 -999.000 -999.000 -999.000 -999.000 6.290 6.924 7.618 7.583 8.535 
0.606 0.596 1.624 1.457 5.390 7.319 5.341 7.377 8.855 9.990 
0.657 0.624 1.023 1.050 3.929 6.051 4.697 6.436 8.848 10.213 
0.769 0.701 1.483 1.763 5.784 7.056 6.175 7.965 10.502 11.142 
0.587 0.612 2.104 1.660 5.993 7.324 7.409 8.718 11.687 11.328 
0.486 0.756 1.158 1.771 5.404 7.112 6.687 7.987 10.759 11.419 
0.428 0.427 1.181 1.462 5.553 7.059 6.537 8.702 10.093 8.082 
0.594 0.651 0.631 1.110 4.135 6.782 5.258 9.510 9.748 5.824 
0.617 0.596 0.913 2.074 5.022 6.482 5.973 7.933 9.137 9.655 
0.491 0.592 0.682 1.654 4.689 6.534 7.537 9.086 10.147 9.168 
0.525 0.714 0.586 0.807 3.909 6.462 7.700 9.703 9.753 8.257 
0.414 0.539 1.486 1.338 4.425 6.573 7.984 8.839 8.829 11.594 
0.429 0.562 1.277 1.337 4.571 6.900 6.742 8.410 7.551 11.950 
0.525 0.574 1.873 1.436 4.299 6.905 7.311 8.438 7.191 11.475 
0.459 0.482 2.171 1.429 5.181 6.185 8.068 8.037 8.390 11.934 
0.581 0.810 1.393 1.182 3.999 6.328 7.552 6.781 8.337 9.638 
0.460 0.679 0.672 0.781 4.220 6.305 8.312 10.792 7.820 4.249 
0.584 0.660 0.927 1.221 3.779 6.507 8.339 9.697 8.451 6.318 
0.537 0.810 1.154 1.392 2.267 6.624 7.198 8.050 8.615 11.480 
0.372 0.627 1.164 1.075 3.404 6.534 7.903 8.143 9.232 11.931 
0.380 0.438 0.776 0.910 4.459 6.053 7.777 8.035 9.725 11.591 
1.285 1.198 0.477 0.431 1.950 3.440 2.457 4.657 4.286 7.987 
1.170 1.280 0.855 0.820 2.904 4.903 3.456 6.073 5.951 8.616 
0.663 0.554 0.894 1.064 3.986 6.030 5.700 7.865 8.849 10.309 
1.542 0.937 0.374 0.471 1.718 4.004 4.380 5.824 5.757 8.908 
0.617 0.608 0.819 1.131 4.132 6.238 6.511 8.842 9.672 8.007 
0.687 0.657 0.982 1.641 4.379 6.051 5.251 8.068 8.902 9.910 
0.755 1.150 0.683 1.067 2.440 4.714 3.854 6.483 6.670 8.170 
0.572 0.706 0.711 1.744 5.220 6.679 7.118 10.217 10.038 7.294 
0.509 0.713 1.129 2.000 5.082 7.165 7.888 8.841 10.501 10.266 
0.476 0.879 0.938 1.435 4.888 6.794 7.631 7.855 10.205 11.566 
0.447 0.500 1.554 1.597 4.511 6.912 7.869 7.860 8.091 11.785 
0.580 0.867 1.832 1.337 4.141 6.710 7.887 8.266 7.745 11.681 
0.569 0.660 2.066 1.737 4.256 7.159 7.874 8.080 8.391 12.553 
0.546 0.626 1.846 1.449 4.070 6.864 7.703 7.620 8.620 11.981 
0.529 0.757 1.013 0.992 4.186 6.571 7.680 8.830 8.215 7.445 
0.474 0.782 1.483 1.507 5.305 6.409 8.371 8.789 8.888 11.744 
0.399 0.680 1.144 1.478 4.315 6.261 7.420 7.817 8.344 11.022 
0.509 0.734 0.841 1.244 4.751 5.903 7.283 8.242 9.593 12.166 
0.385 0.465 0.702 0.689 4.317 5.783 7.313 8.255 9.847 11.634 
0.503 0.501 0.667 0.608 4.752 6.370 7.023 8.316 9.100 10.859 
1.610 1.066 0.830 0.310 1.159 2.953 1.548 3.949 3.881 8.599 
1.865 0.917 0.517 0.515 1.694 4.250 2.822 5.178 4.532 8.154 
1.712 0.996 0.415 0.464 1.690 3.345 2.745 4.562 4.591 7.898 
1.679 1.153 0.427 0.502 1.032 2.728 2.232 3.239 4.142 6.223 
1.456 0.633 0.559 0.485 0.911 3.321 3.358 5.220 4.163 7.603 
1.185 0.843 0.517 0.533 1.318 3.517 3.590 5.751 5.344 8.700 
0.792 1.218 1.523 1.879 3.943 6.367 6.264 8.034 8.704 10.121 
0.489 0.704 1.755 2.598 5.203 6.739 8.031 8.976 10.257 11.699 
0.541 1.246 1.086 2.071 4.583 6.719 7.512 7.896 9.996 10.959 
0.462 0.647 1.635 1.721 4.833 6.477 8.352 8.507 10.278 12.101 
0.421 0.579 1.941 1.521 4.236 6.447 8.381 8.531 8.886 12.444 
0.577 0.837 1.920 1.370 2.976 6.982 7.920 8.228 8.242 11.353 
0.594 0.646 2.390 0.956 3.647 6.964 8.399 9.009 7.728 10.012 
0.623 0.971 1.374 1.097 4.476 6.367 7.507 9.367 8.023 6.189 
0.450 0.818 2.157 1.648 5.048 6.530 8.004 8.721 8.968 11.747 
0.488 1.077 1.559 1.510 4.810 6.218 8.280 8.602 9.801 12.864 
0.547 0.997 1.115 1.527 4.802 6.525 6.857 7.506 9.088 11.273 
0.478 0.713 0.953 0.905 3.696 6.536 7.141 8.050 9.702 11.285 
0.675 0.809 1.126 0.746 3.721 6.740 7.942 9.323 10.747 11.883 
1.116 0.856 0.538 0.424 1.770 4.114 2.032 4.552 4.055 7.792 
1.706 1.051 0.465 0.459 2.207 3.281 2.418 4.524 4.004 8.066 
1.539 1.090 0.282 0.438 1.968 3.795 3.143 5.243 4.314 7.260 
0.996 0.831 0.420 0.470 1.761 4.200 4.381 5.789 5.622 8.198 
1.279 0.785 0.530 0.500 1.896 4.222 4.131 6.422 6.285 8.988 
0.891 0.778 0.829 0.777 2.410 4.629 4.660 6.940 6.802 9.695 
0.594 0.861 1.875 2.280 5.586 7.018 8.189 9.603 10.707 11.205 
0.520 0.887 1.572 2.748 5.268 6.663 8.197 9.410 10.996 11.986 
0.533 1.185 1.484 1.672 4.584 6.449 8.067 8.243 10.420 11.471 
0.528 0.600 2.199 1.950 5.254 6.771 8.350 8.700 10.748 12.803 
0.454 0.639 1.618 1.219 3.327 6.619 7.862 8.056 9.420 11.106 
0.603 0.736 1.072 0.863 3.507 6.347 8.191 9.901 7.039 4.269 
0.528 0.664 1.637 1.223 4.695 6.447 8.239 9.022 8.009 7.365 
0.508 1.223 1.274 1.351 4.217 6.340 7.747 8.674 9.020 8.602 
0.527 0.965 1.368 1.022 4.320 6.220 8.455 9.026 9.836 12.618 
0.578 1.325 1.251 1.171 3.372 6.220 7.790 8.886 9.356 12.034 
0.477 1.330 1.245 1.062 3.848 6.708 7.024 8.139 9.383 11.237 
0.414 0.998 1.159 0.859 4.033 6.770 7.861 8.228 10.388 11.500 
0.513 1.274 0.809 0.644 4.001 6.630 6.734 6.509 8.934 10.129 
1.454 1.117 0.574 0.544 1.764 3.721 2.477 4.973 4.023 7.420 
1.990 0.972 0.320 0.548 2.040 4.507 3.866 6.394 5.043 8.609 
1.277 0.996 0.455 0.537 1.879 4.246 3.898 6.037 5.586 9.028 
0.883 0.703 0.568 0.425 1.838 4.386 3.160 5.894 5.644 9.404 
0.771 0.441 0.425 0.430 2.016 4.099 3.697 5.966 6.005 10.072 
0.812 0.913 0.945 1.640 3.322 5.857 6.109 7.411 7.810 9.627 
0.578 0.720 1.215 2.302 5.337 5.896 7.766 9.114 10.377 11.002 
0.506 0.848 1.238 1.673 5.373 6.657 7.656 8.611 10.534 11.721 
0.499 0.628 1.784 1.386 4.654 6.565 7.950 8.635 10.314 12.353 
0.498 0.598 2.012 1.532 4.432 6.625 7.965 8.473 9.590 12.101 
0.518 0.747 2.106 1.565 3.699 6.756 7.316 7.869 8.967 10.557 
0.401 0.529 2.627 1.663 5.730 6.705 7.932 8.100 8.864 10.951 
0.589 1.212 2.056 1.609 4.209 6.522 7.580 7.525 9.474 12.450 
0.649 1.462 1.092 0.869 3.416 6.321 8.457 9.353 8.959 11.743 
0.435 1.312 1.898 1.496 4.396 6.415 8.138 8.853 10.038 11.602 
0.553 1.805 1.580 1.513 3.613 6.241 6.450 7.397 9.496 10.500 
0.462 1.173 1.042 0.818 2.537 5.556 5.946 6.090 7.995 9.737 
0.323 0.973 0.582 0.614 2.255 5.049 6.236 5.837 6.170 9.418 
1.308 1.079 0.493 0.682 2.305 3.998 3.228 5.559 4.025 8.696 
1.231 0.991 0.419 0.787 3.005 4.578 4.447 6.320 5.709 9.640 
0.775 0.836 0.870 1.049 3.557 5.886 4.567 7.217 7.646 9.969 
0.550 0.651 2.053 1.889 4.755 6.583 6.172 8.488 9.729 10.701 
0.615 0.929 1.548 1.889 4.749 6.340 6.492 8.835 10.412 10.770 
0.591 0.865 1.085 1.552 4.786 6.188 7.516 8.513 9.600 10.799 
0.856 0.878 0.482 0.581 2.737 4.298 5.059 7.299 5.783 10.656 
0.858 0.966 0.749 0.960 2.555 5.096 5.219 6.732 6.840 9.955 
0.469 0.632 2.115 1.629 4.615 6.912 7.494 8.260 9.930 12.083 
0.570 0.747 2.256 1.716 4.985 7.133 7.575 7.528 9.248 11.410 
0.565 0.940 1.953 2.262 5.589 7.300 7.858 8.511 8.582 11.204 
0.440 0.894 1.993 1.513 5.355 6.751 8.002 8.240 8.755 12.248 
0.587 1.555 1.189 1.337 3.721 6.522 7.510 8.150 8.694 11.582 
0.643 1.711 1.193 1.044 3.124 6.162 7.669 9.872 8.542 6.056 
0.493 1.911 1.184 1.142 3.687 5.468 6.706 8.874 7.615 7.341 
0.372 1.744 0.548 0.788 2.889 5.241 5.819 6.996 5.348 9.078 
0.277 1.170 0.520 0.627 2.581 5.033 6.403 6.465 8.216 9.805 
0.325 0.796 1.199 0.817 4.548 6.094 6.002 7.303 8.517 10.874 
1.128 0.752 0.779 1.185 2.422 5.124 3.554 5.745 5.783 8.611 
0.588 0.473 1.397 2.641 5.424 7.132 7.697 8.796 10.323 11.044 
0.591 0.700 1.807 2.174 4.699 7.014 6.716 8.460 10.322 11.395 
0.574 0.962 1.647 1.933 5.005 6.858 5.658 8.608 9.916 11.105 
0.766 0.680 1.081 1.144 3.174 5.257 4.991 8.326 8.020 10.492 
1.159 0.900 0.531 0.481 2.416 4.169 4.808 6.807 6.228 9.392 
1.345 1.082 0.480 0.552 3.041 3.756 5.513 7.652 6.494 9.911 
1.472 1.032 0.376 0.456 2.194 4.441 4.752 6.845 6.045 9.426 
0.603 1.042 1.191 1.812 3.389 6.071 6.410 7.026 8.058 10.311 
0.670 0.762 1.117 1.269 3.785 5.240 5.816 6.420 6.058 9.527 
0.948 1.061 0.834 1.094 2.903 4.956 5.305 5.628 4.568 8.554 
0.501 0.968 2.252 1.777 5.270 6.932 7.507 8.118 7.513 11.944 
0.468 1.279 1.079 1.172 4.324 6.498 7.459 7.215 7.434 11.234 
0.536 1.795 0.935 0.949 3.364 5.611 8.222 10.346 9.551 5.924 
0.512 1.249 0.983 0.903 3.743 5.057 7.999 10.600 9.825 4.231 
0.469 1.934 0.866 1.279 3.887 5.942 6.271 7.830 7.686 9.112 
0.441 1.822 1.295 1.320 4.560 5.821 6.686 8.196 9.992 12.081 
0.521 1.243 1.155 1.201 4.725 6.673 7.562 8.425 9.769 11.763 
0.554 0.457 0.497 0.585 1.887 5.970 6.043 5.090 8.130 9.279 
0.509 0.536 1.617 2.122 5.881 6.625 7.243 7.965 9.738 10.866 
0.660 0.562 1.139 1.824 4.523 6.378 7.624 8.754 10.531 11.205 
0.958 0.796 1.010 0.883 2.770 4.873 4.237 6.325 6.645 8.773 
1.023 0.873 0.547 0.522 2.123 4.078 3.696 6.462 4.759 8.543 
1.188 0.998 0.587 0.572 1.787 3.981 3.921 6.460 5.487 8.678 
1.547 1.144 0.450 0.674 2.100 4.129 4.796 6.162 4.752 8.626 
1.263 0.887 0.339 0.553 2.363 4.209 4.977 6.822 4.880 8.340 
0.811 0.769 0.386 0.579 2.125 4.035 4.233 5.639 5.620 8.954 
1.208 0.715 0.457 0.402 2.152 3.643 3.489 4.980 2.900 7.647 
1.138 0.921 0.510 0.446 2.083 3.669 4.762 5.812 3.682 8.894 
0.493 0.980 1.085 1.495 4.140 5.997 7.722 7.520 7.453 11.484 
0.304 1.267 0.871 1.217 4.967 5.396 7.552 9.193 6.623 12.423 
0.456 1.592 0.796 1.141 3.758 5.281 7.371 8.786 8.214 10.319 
0.307 1.919 2.021 1.867 5.586 5.745 6.955 7.915 10.187 12.176 
0.543 1.765 1.700 1.528 4.245 6.268 6.310 7.753 9.330 11.732 
0.533 1.766 1.274 1.466 5.182 5.767 7.227 8.292 10.347 12.409 
0.438 1.410 1.614 0.931 4.784 6.026 8.147 8.100 10.844 12.350 
0.561 1.037 1.161 0.880 4.301 7.074 7.703 8.258 10.089 12.290 
1.310 0.938 0.814 0.879 2.289 3.931 3.705 4.785 5.540 7.295 
1.333 0.971 0.624 0.484 1.795 4.156 3.235 5.243 5.112 8.786 
1.097 0.824 0.799 0.673 1.490 3.580 2.860 4.861 4.557 8.090 
1.473 0.834 0.564 0.506 1.483 4.081 3.868 5.981 5.037 8.541 
1.450 1.017 0.520 0.716 2.271 4.571 4.425 6.766 5.587 9.085 
0.845 0.785 0.743 1.415 4.237 5.339 6.653 7.646 6.894 10.737 
0.556 0.586 1.005 1.562 4.672 6.016 6.884 8.182 9.437 11.811 
0.738 0.844 0.649 0.867 3.346 5.294 5.678 7.038 6.493 10.025 
0.413 0.858 1.560 1.439 4.518 6.152 7.512 6.755 7.871 11.990 
0.383 0.915 1.283 1.417 3.884 6.163 6.644 6.827 6.896 11.042 
1.021 0.837 0.632 0.813 3.959 6.308 6.787 8.796 6.831 12.068 
0.875 1.552 1.448 1.367 4.854 6.030 7.630 7.854 8.131 12.910 
0.510 2.528 1.656 2.022 5.195 5.645 7.565 7.896 9.708 12.226 
0.600 1.558 1.548 1.869 5.399 5.513 7.416 9.138 11.040 12.819 
2.274 3.421 0.961 0.896 3.150 5.383 5.750 7.833 8.064 10.800 
0.856 1.831 0.882 1.008 3.890 6.185 6.659 7.709 8.230 11.994 
2.414 3.231 0.330 0.201 0.816 4.109 5.954 7.239 5.878 10.398 
1.928 0.816 1.091 0.759 1.525 3.220 2.493 3.412 4.351 7.119 
1.977 0.748 0.814 0.484 2.621 5.073 3.396 5.924 5.974 9.660 
1.894 1.079 0.697 0.583 3.259 4.772 3.566 6.076 5.737 9.848 
0.854 0.745 0.879 0.653 3.056 4.957 4.869 6.684 7.135 9.733 
0.575 0.516 1.573 1.489 4.553 6.608 6.460 8.052 9.375 11.039 
0.533 0.855 1.338 1.937 4.893 6.778 6.733 7.775 7.903 11.082 
0.402 0.584 1.101 1.862 5.374 6.967 7.327 8.574 9.497 12.353 
0.372 1.081 0.688 1.345 5.570 6.941 6.258 8.039 8.287 12.093 
0.355 0.990 0.875 1.027 4.482 6.104 6.722 6.710 7.310 11.383 
0.351 0.708 0.787 0.879 4.262 5.541 6.262 7.667 6.317 12.163 
0.898 1.169 1.350 1.260 4.303 6.610 6.080 7.286 6.845 11.308 
0.557 1.554 1.621 1.283 5.405 6.217 7.675 8.146 8.137 12.823 
0.461 1.984 1.124 1.283 4.284 5.601 7.764 8.203 9.039 12.213 
0.426 1.532 1.062 1.555 5.543 5.275 7.544 8.312 10.011 12.344 
4.535 4.895 0.707 0.774 3.017 5.208 5.344 7.512 7.207 10.478 
6.254 3.250 0.366 0.341 1.269 3.192 5.293 6.234 4.924 9.174 
0.415 0.483 0.874 0.991 5.105 7.232 5.763 8.742 10.336 10.951 
0.635 0.683 1.133 1.433 4.724 7.181 6.931 8.195 9.408 9.526 
2.506 1.209 0.796 0.460 2.172 4.808 2.781 5.012 5.131 8.828 
1.898 1.378 0.508 0.442 3.057 5.405 3.462 6.325 6.081 10.129 
1.007 1.077 0.857 1.020 2.965 5.735 4.780 6.453 8.228 11.038 
0.487 0.593 1.335 1.571 5.333 6.529 6.183 8.509 10.609 11.639 
0.495 0.522 1.064 1.428 5.368 6.270 6.278 7.924 9.774 11.435 
0.377 0.811 1.310 1.876 5.811 6.266 7.303 7.923 10.734 12.123 
0.511 0.576 1.745 2.025 4.662 5.828 7.750 7.910 8.285 11.800 
0.450 1.022 1.273 1.498 4.317 6.539 6.661 7.493 7.896 11.590 
0.374 1.108 1.488 1.935 5.706 6.844 7.302 7.986 7.205 11.858 
0.486 1.143 1.364 1.434 4.465 6.529 7.192 7.821 7.265 11.624 
0.386 1.299 1.949 1.799 5.297 5.747 7.790 7.916 8.037 11.884 
0.434 1.836 1.309 1.625 4.936 5.565 8.175 8.278 8.168 11.595 
0.477 2.257 1.014 1.366 4.483 4.214 7.979 8.718 8.228 10.793 
0.820 2.621 1.450 1.512 5.683 5.844 7.935 8.892 9.256 11.959 
0.822 1.921 1.302 1.666 5.020 6.048 6.483 7.388 10.095 12.034 
3.805 3.507 0.495 0.491 1.787 3.817 6.076 6.710 5.498 8.792 
3.010 3.185 0.325 0.415 1.734 3.647 5.715 6.665 5.221 8.823 
2.668 2.272 0.230 0.225 1.234 3.799 5.548 6.933 4.969 8.863 
0.542 0.929 0.388 0.614 6.696 6.882 6.240 7.264 10.078 11.134 
0.479 0.962 0.414 0.973 5.131 6.607 5.900 7.117 9.014 10.996 
0.478 0.676 1.104 1.415 5.711 7.520 5.831 7.524 9.806 10.422 
0.607 0.628 1.600 1.310 4.535 7.361 7.459 7.704 10.379 10.601 
1.347 1.066 0.918 0.805 3.468 5.956 5.305 5.726 7.354 9.086 
1.919 1.182 0.637 0.394 3.049 4.693 2.909 5.689 5.156 9.249 
1.498 1.011 0.387 0.648 3.115 4.464 3.129 5.700 6.157 9.887 
0.479 0.731 1.560 1.842 5.535 5.860 5.931 7.438 10.057 10.762 
0.698 0.447 1.053 1.756 4.935 6.489 6.772 8.263 10.877 11.760 
0.586 0.895 1.617 2.207 4.744 7.009 7.117 7.796 10.788 11.368 
0.453 0.742 2.374 2.621 5.127 5.175 8.043 7.907 10.399 12.019 
0.423 0.767 1.656 2.161 4.547 6.322 6.499 7.721 9.466 12.200 
0.604 1.226 1.606 2.015 5.631 7.233 7.805 8.889 8.885 11.795 
0.469 0.738 1.741 1.555 5.017 5.499 8.038 7.795 7.954 11.106 
0.561 1.679 1.467 1.576 4.548 5.839 7.786 7.517 8.123 10.727 
0.507 1.930 1.423 1.773 4.876 4.026 7.009 8.868 8.394 11.518 
0.542 2.132 1.002 1.360 4.730 5.432 7.789 9.185 7.522 10.407 
0.836 3.319 1.432 1.354 4.909 5.629 7.614 8.275 8.256 11.654 
0.507 0.943 1.077 1.800 4.218 5.586 7.232 8.673 10.550 12.348 
1.903 3.068 0.985 1.004 3.222 5.271 6.352 7.998 7.875 9.990 
3.271 3.109 0.499 0.701 3.025 4.094 6.411 7.488 7.441 10.063 
2.879 2.578 0.583 0.765 3.208 4.964 6.384 7.633 7.067 9.712 
0.536 0.806 0.741 1.468 5.023 7.325 6.153 7.483 10.047 10.486 
0.608 0.893 0.519 1.151 5.263 6.840 6.539 7.315 9.710 10.142 
0.523 0.587 1.020 1.207 5.163 6.928 7.286 8.389 10.233 10.789 
0.591 0.813 1.149 1.577 5.438 7.188 5.784 7.899 9.788 11.068 
0.618 0.574 1.176 1.079 4.762 7.409 7.682 8.650 10.667 11.084 
0.747 0.836 1.343 1.342 5.179 7.286 7.425 8.371 10.500 10.946 
1.211 1.011 0.589 0.470 2.383 4.760 3.640 5.130 5.267 8.572 
0.546 0.377 0.580 1.153 4.791 5.978 6.327 7.345 9.033 10.152 
0.608 1.016 0.726 1.612 5.328 5.909 6.463 7.606 11.220 11.642 
0.719 0.800 1.450 2.501 4.805 6.540 6.195 7.791 10.493 11.721 
0.602 0.623 2.112 2.069 3.653 5.990 6.990 7.494 10.772 10.890 
0.541 0.979 0.921 2.110 4.859 5.679 7.622 7.783 11.019 11.277 
0.513 0.723 0.841 1.795 4.921 6.277 7.332 8.453 11.190 11.861 
0.380 0.802 0.809 1.143 4.415 5.961 7.725 8.227 8.075 10.156 
0.409 0.557 0.806 0.999 4.243 4.701 7.840 8.662 8.637 11.213 
0.466 1.212 1.005 1.353 4.137 5.220 7.138 8.255 8.540 11.194 
0.323 0.829 0.820 0.898 4.282 4.704 7.574 8.842 8.941 11.684 
0.637 2.064 0.886 1.022 4.492 5.009 7.396 9.130 8.545 11.025 
0.592 1.290 1.183 1.592 4.900 5.590 7.582 8.921 10.013 11.809 
0.466 0.918 0.871 1.550 4.135 5.386 5.960 7.490 10.092 11.070 
0.479 1.256 0.743 1.222 4.353 5.333 5.430 8.007 9.931 9.883 
0.424 0.796 0.613 1.577 4.672 5.481 6.256 7.279 9.129 10.080 
0.377 0.666 0.750 1.292 4.235 6.075 7.132 8.417 10.530 12.113 
0.251 0.386 0.666 1.542 2.959 8.740 6.909 8.697 10.027 10.946 
0.457 0.713 0.895 1.637 4.933 6.825 5.963 6.865 9.834 10.557 
0.528 0.483 0.873 1.880 4.986 7.000 7.146 7.477 10.469 10.829 
0.588 0.812 0.888 1.596 5.115 6.602 6.553 6.969 9.187 9.283 
0.540 0.779 0.963 1.393 5.141 6.013 7.126 7.275 8.422 9.027 
0.701 0.868 0.890 1.332 5.088 6.609 5.974 7.391 8.886 10.306 
0.526 0.701 1.331 1.749 5.767 6.687 6.604 8.243 9.813 10.821 
0.528 0.664 0.830 0.852 2.616 4.973 5.507 6.760 7.557 9.453 
0.569 0.640 0.309 0.485 1.957 4.726 6.229 6.662 7.437 10.314 
0.543 0.686 0.586 1.851 6.987 6.734 7.356 8.546 8.996 10.244 
0.414 0.773 0.560 1.529 4.691 5.443 6.284 7.025 9.349 9.479 
0.595 0.780 1.476 3.111 5.185 5.594 6.150 7.278 10.880 11.013 
0.584 0.702 1.997 2.550 4.647 5.972 7.133 7.578 11.207 11.366 
0.569 0.746 1.554 1.974 5.013 6.486 7.017 7.589 11.543 10.904 
1.238 1.669 1.684 1.652 2.809 4.349 3.980 4.670 6.500 6.045 
0.994 1.440 1.287 1.872 4.354 6.284 7.167 7.816 9.186 9.872 
0.514 0.606 0.991 1.364 4.225 5.316 8.054 8.500 9.535 11.136 
0.423 0.822 1.081 1.296 4.658 5.221 7.821 8.203 8.575 11.777 
0.413 0.738 1.160 1.255 5.021 4.630 7.006 9.822 8.236 11.618 
0.536 1.529 1.097 1.266 4.771 5.257 7.001 8.494 8.817 11.530 
0.636 1.435 1.025 1.363 5.035 5.389 7.152 7.068 9.125 11.484 
0.604 1.000 0.914 1.545 4.847 5.248 6.276 7.518 10.373 11.942 
0.541 1.230 1.094 1.501 4.154 5.261 6.564 7.798 10.814 11.955 
0.450 1.236 0.947 1.440 5.317 5.752 6.623 7.554 11.076 11.820 
0.466 1.022 1.426 1.731 5.227 6.359 7.371 8.425 11.559 12.799 
0.431 0.841 1.561 1.274 4.901 5.609 7.385 7.645 8.552 11.650 
-999.000 -999.000 -999.000 -999.000 -999.000 9.165 5.179 7.596 10.120 11.226 
0.546 0.540 0.886 0.999 2.949 7.180 6.231 6.820 9.546 10.595 
0.561 0.595 0.828 1.385 2.666 7.166 7.202 7.488 8.717 9.664 
0.695 0.988 0.760 0.938 3.025 5.581 6.583 7.477 8.540 8.155 
0.556 0.996 0.598 1.299 4.117 4.971 6.088 5.851 6.624 9.069 
0.504 0.500 0.494 0.952 3.969 5.970 5.207 5.411 6.946 8.256 
0.862 0.482 0.351 0.674 3.971 5.312 4.185 5.206 4.635 7.758 
0.516 1.530 0.314 0.391 0.932 4.106 5.415 6.387 6.325 10.130 
0.506 0.817 0.786 1.779 4.187 5.242 6.369 7.640 10.900 10.688 
0.688 0.565 1.758 2.207 4.539 5.927 7.195 8.144 11.817 11.763 
0.596 0.471 1.830 2.300 4.503 6.179 8.165 8.475 12.198 11.128 
0.486 0.487 0.587 1.086 2.467 7.723 7.979 8.823 10.823 10.463 
0.575 0.976 0.876 1.585 4.297 6.100 6.769 8.159 11.094 10.772 
0.449 0.698 1.240 1.739 5.222 6.208 7.746 8.789 10.498 11.323 
0.472 0.864 1.024 1.629 4.122 5.392 7.692 8.079 8.623 10.929 
0.641 0.951 1.051 1.351 4.966 6.102 7.234 8.165 6.856 10.630 
0.434 1.063 1.138 1.259 5.228 4.667 7.543 8.857 7.454 11.751 
0.494 1.588 1.490 1.525 4.061 5.972 7.001 8.166 8.765 11.920 
0.541 1.451 1.734 2.028 5.758 6.575 7.549 8.253 10.970 12.753 
0.485 0.960 1.100 1.866 5.027 5.509 7.152 8.152 11.395 12.416 
0.457 1.106 1.109 1.268 3.914 5.233 6.401 7.174 11.379 11.737 
0.537 1.076 1.275 1.415 4.562 5.145 6.826 7.775 11.460 11.714 
0.560 0.742 1.252 1.456 4.496 4.964 6.831 8.179 11.228 12.166 
0.718 0.640 0.726 0.989 2.605 6.799 6.364 7.340 8.602 9.668 
0.835 0.660 0.616 1.185 2.837 5.764 6.430 6.778 8.694 9.246 
0.637 1.296 0.673 1.260 2.825 7.216 7.012 7.866 8.843 8.827 
0.686 0.858 0.460 1.566 3.822 5.472 6.772 7.106 9.281 9.930 
0.955 0.733 0.467 0.933 2.803 5.645 5.500 7.048 8.133 9.586 
0.418 0.770 0.665 1.553 4.807 6.311 5.591 7.341 9.955 10.819 
0.483 0.768 0.776 1.192 2.753 6.063 6.555 7.638 10.328 10.954 
0.532 0.760 0.583 0.998 3.162 5.034 7.170 7.099 8.963 10.072 
0.441 0.684 0.984 1.733 4.031 6.154 6.164 7.792 10.804 10.638 
0.645 0.868 1.184 1.862 3.423 4.439 6.708 7.926 11.487 11.513 
0.631 0.474 1.153 1.899 4.121 5.795 7.049 7.966 12.108 11.442 
0.580 0.689 1.084 1.453 3.566 6.615 7.058 7.817 12.164 11.913 
0.710 1.080 0.997 1.361 3.226 5.190 6.550 7.466 11.140 10.160 
0.494 0.622 0.649 1.329 3.764 6.568 8.036 9.251 11.340 11.119 
0.607 0.811 0.914 1.792 3.783 5.673 8.114 9.857 10.571 10.941 
0.435 0.721 1.231 2.093 5.566 6.303 8.349 9.027 9.983 12.410 
0.501 0.597 1.378 1.828 4.555 5.410 8.342 8.351 7.586 12.125 
0.570 0.731 2.211 1.720 5.242 6.506 7.713 7.708 8.039 12.261 
0.689 1.148 2.064 1.944 5.167 6.189 7.496 8.040 8.386 12.196 
0.518 1.283 2.177 2.459 5.179 5.705 7.641 7.949 9.332 12.470 
0.508 1.700 2.182 2.742 5.779 6.465 7.683 9.112 11.125 12.782 
0.544 1.455 1.938 1.871 5.055 4.685 7.471 8.750 11.920 12.638 
0.686 1.716 1.224 1.611 5.141 5.345 6.937 8.013 11.844 12.075 
0.391 1.129 1.005 1.556 4.612 4.381 7.107 8.337 11.718 12.647 
0.365 0.749 0.507 1.157 4.151 3.663 6.564 8.227 10.716 12.138 
1.132 0.723 0.549 1.208 5.041 6.215 5.866 7.089 9.575 9.479 
0.520 0.620 0.480 1.495 4.121 7.128 7.087 7.652 9.126 9.281 
0.838 0.958 0.474 1.173 2.498 7.173 6.609 7.595 8.566 8.336 
0.633 0.755 0.555 0.765 3.273 6.364 6.800 7.552 8.602 8.899 
0.551 0.679 0.437 1.267 4.006 6.356 6.722 7.871 10.470 11.017 
0.682 1.008 0.464 1.627 2.979 6.697 6.969 7.590 10.168 10.931 
0.538 0.529 0.741 1.333 3.806 5.929 7.765 7.333 11.551 11.223 
0.541 0.533 0.729 1.514 3.129 4.868 6.163 8.149 10.499 11.415 
0.446 0.560 0.911 1.527 3.065 5.503 6.881 8.427 11.584 11.720 
0.619 0.548 1.019 1.985 3.925 5.582 6.333 7.882 12.130 11.470 
0.558 0.592 1.289 2.130 4.378 5.721 7.203 7.286 11.898 11.027 
0.525 1.024 1.010 1.823 4.217 6.186 7.473 7.609 11.987 11.136 
0.478 0.712 1.215 1.939 5.104 6.345 7.402 8.490 11.975 11.399 
0.530 0.809 1.270 1.815 4.316 6.648 7.690 8.175 10.638 11.488 
0.552 0.772 1.291 1.913 4.411 5.710 7.742 8.067 10.420 12.107 
0.442 0.631 1.242 1.647 4.478 5.136 8.199 8.687 7.846 12.048 
0.574 0.718 1.377 1.233 4.426 6.192 8.084 8.115 7.239 11.913 
0.678 0.789 1.830 1.506 4.547 5.337 7.102 7.399 7.216 11.741 
0.437 0.859 1.847 1.874 5.782 5.401 7.143 7.393 8.611 12.114 
0.563 1.458 2.045 2.358 5.131 5.257 7.520 8.421 10.284 12.283 
0.529 1.145 2.060 2.134 4.850 4.945 7.643 8.857 11.309 12.817 
0.501 1.166 1.302 1.736 4.835 4.723 6.975 7.870 11.590 12.231 
0.506 0.707 0.808 1.305 4.404 3.938 6.434 8.173 11.706 11.979 
0.459 0.787 1.222 1.747 4.703 5.995 6.599 8.464 10.854 13.075 
0.571 0.689 0.729 1.353 4.450 6.133 6.410 7.707 10.211 9.642 
0.483 0.498 0.652 0.984 3.920 5.876 6.873 6.894 9.056 8.251 
0.395 1.071 0.591 1.014 3.273 6.778 6.697 7.641 9.829 8.894 
0.508 1.115 0.665 1.478 4.042 6.021 5.920 7.621 8.914 8.800 
0.522 0.788 0.548 1.128 3.689 6.784 5.845 7.096 9.977 10.412 
0.316 0.879 2.024 2.071 6.387 7.839 7.257 8.471 11.396 12.490 
0.476 0.794 0.685 1.091 4.388 5.818 6.771 8.017 11.381 11.515 
0.345 0.665 0.648 1.390 3.522 5.453 5.914 7.912 11.440 11.700 
0.371 0.409 0.845 1.094 2.953 6.106 6.697 8.364 11.247 11.707 
0.570 0.951 1.498 2.367 4.407 5.648 6.990 7.950 12.108 11.797 
0.569 0.708 2.492 3.089 4.669 6.924 7.200 7.194 12.378 12.225 
0.582 0.641 1.742 2.754 4.288 6.517 7.340 7.543 11.816 11.650 
0.587 0.837 1.628 2.490 5.311 6.438 7.357 8.008 12.068 11.310 
0.717 0.673 1.675 2.046 5.723 5.786 7.387 8.457 10.703 12.161 
0.574 1.426 1.414 2.050 4.153 5.550 7.479 7.849 10.467 11.488 
0.489 0.685 1.161 1.340 5.031 5.034 7.708 8.427 9.564 11.817 
0.662 0.708 1.372 1.380 4.221 5.332 7.251 7.793 7.708 11.372 
0.590 0.767 1.769 1.633 4.956 6.410 6.674 7.536 7.201 11.396 
0.535 0.627 1.896 2.088 5.251 5.043 7.156 7.913 8.349 12.705 
0.623 1.154 1.332 1.876 4.844 4.497 7.353 7.984 8.357 12.238 
0.378 0.841 1.502 1.913 5.051 4.928 7.237 8.326 10.440 12.562 
0.427 0.925 1.735 1.785 5.237 5.393 7.044 8.292 10.847 12.624 
0.506 0.802 1.923 2.146 5.485 5.134 7.187 7.859 11.647 12.570 
0.498 0.896 2.151 1.836 5.032 5.636 7.036 7.870 11.425 12.822 
0.416 0.733 0.679 0.979 4.333 4.796 6.121 8.111 9.502 11.530 
0.364 0.539 0.812 1.405 5.142 6.357 6.870 6.761 10.037 8.886 
0.429 0.618 0.711 1.156 4.401 5.195 6.658 7.204 10.159 8.864 
0.717 1.180 0.677 1.426 3.059 6.049 6.404 7.290 8.734 8.015 
0.428 0.796 0.640 1.444 4.749 5.350 5.892 6.426 8.607 9.482 
0.476 0.730 0.828 1.185 4.413 6.993 5.833 7.017 8.210 9.497 
0.535 0.527 0.706 1.458 4.503 5.984 5.698 7.380 8.993 10.094 
0.532 0.564 0.778 1.233 4.981 5.172 7.199 7.812 9.750 10.343 
0.544 0.783 0.806 1.170 3.795 5.603 7.063 7.411 10.514 10.759 
0.566 0.669 1.760 2.364 5.450 6.132 7.015 7.433 11.465 12.022 
0.458 0.528 1.555 2.291 4.674 6.440 6.902 7.414 11.514 11.412 
0.536 0.938 1.785 2.974 4.931 6.229 6.696 7.886 11.929 11.926 
0.527 0.630 1.859 2.862 5.204 7.009 7.809 8.510 12.702 12.786 
0.659 0.696 1.664 2.032 5.271 7.311 7.776 7.897 12.175 12.171 
0.545 0.647 1.452 2.004 5.206 5.161 7.612 8.399 11.748 12.650 
0.527 1.036 2.046 2.366 5.412 7.027 7.443 7.719 10.830 11.758 
0.639 0.987 1.445 1.431 5.223 4.938 7.342 7.948 9.728 11.598 
0.480 0.573 1.642 1.151 5.013 4.678 6.760 7.035 7.724 10.697 
0.901 1.179 1.147 1.409 2.795 5.129 5.606 7.042 5.437 10.110 
0.652 0.990 2.248 2.217 5.485 5.762 7.124 7.793 6.813 11.601 
0.543 0.850 1.912 2.066 5.238 5.327 7.349 8.096 8.843 11.809 
0.536 0.990 1.269 1.746 5.439 5.306 7.162 7.922 9.563 11.626 
0.634 0.970 2.106 2.355 5.135 5.863 7.301 8.509 9.428 12.488 
0.735 0.917 1.362 1.464 3.184 4.758 5.595 6.700 8.450 11.330 
0.444 1.193 1.220 1.524 5.055 5.427 7.147 6.979 11.361 11.504 
0.554 0.844 0.632 0.706 3.925 3.553 6.078 7.818 10.035 10.771 
0.665 0.568 0.325 0.393 2.666 3.477 5.408 6.649 8.635 9.926 
0.444 0.580 0.478 0.935 4.652 5.277 6.665 7.081 9.722 8.767 
0.485 0.649 0.613 0.982 4.524 4.278 6.638 7.296 9.790 9.803 
0.545 0.955 0.891 1.513 4.834 4.681 5.837 6.489 8.709 9.197 
0.359 0.544 0.680 1.689 5.023 5.392 6.895 7.873 10.084 10.908 
0.422 0.669 0.729 1.520 4.755 4.717 6.417 7.160 8.530 10.744 
0.498 0.501 0.769 1.355 4.268 6.099 6.278 7.688 9.241 10.642 
0.449 0.447 0.692 1.373 4.893 4.771 7.348 8.107 9.950 11.374 
0.452 0.668 1.430 2.331 4.633 6.175 6.609 7.443 11.375 11.667 
0.552 0.555 1.806 2.385 5.308 6.254 6.499 7.170 10.195 9.940 
0.474 0.958 1.452 1.933 4.875 6.421 7.540 8.786 10.373 10.654 
0.460 0.969 1.909 2.204 5.924 7.044 7.936 8.380 12.229 12.776 
0.626 0.854 1.823 1.948 5.321 6.090 7.795 8.126 11.930 11.964 
0.503 1.099 1.816 2.314 5.565 5.546 7.423 7.987 11.075 12.243 
0.558 0.731 2.038 1.954 5.817 5.226 7.957 8.526 11.059 12.788 
0.485 0.886 1.611 1.805 5.437 4.900 7.436 8.094 9.595 12.089 
0.586 0.706 1.365 1.359 4.550 4.626 6.985 8.738 7.562 11.480 
0.477 0.583 0.605 0.679 3.628 3.736 6.316 7.362 5.484 10.877 
0.773 1.246 1.254 1.629 4.036 4.972 6.698 7.161 6.691 11.261 
0.597 0.681 2.293 2.338 5.258 6.335 7.609 7.870 7.741 12.680 
0.571 0.841 2.152 1.927 4.827 5.765 7.308 7.726 9.000 12.333 
0.458 0.792 2.205 2.213 5.936 6.919 7.408 8.679 10.916 12.882 
1.240 0.792 0.511 0.434 1.548 3.304 4.559 6.388 5.828 9.258 
0.866 1.193 1.277 1.407 3.112 5.911 6.193 7.156 9.083 10.217 
1.492 0.851 0.751 0.782 2.597 4.773 5.557 7.217 8.752 9.918 
1.618 0.871 0.475 0.533 1.034 3.158 4.947 7.481 7.823 8.835 
-999.000 -999.000 -999.000 -999.000 -999.000 5.373 6.080 6.851 8.510 8.636 
0.595 0.714 0.827 1.348 3.855 4.794 6.803 7.156 10.272 10.286 
0.445 0.795 0.623 1.040 3.963 4.947 5.666 6.992 8.660 8.976 
0.569 0.882 0.761 1.345 4.023 4.994 5.314 6.326 8.380 8.954 
0.448 0.709 0.959 1.725 4.891 6.112 7.063 7.153 9.969 11.248 
0.573 0.817 0.948 1.946 4.843 5.515 6.388 7.391 8.880 10.653 
0.441 0.508 0.646 1.523 5.869 6.374 7.044 7.828 9.501 10.682 
0.505 0.507 0.595 1.265 5.799 5.126 6.488 7.101 9.334 10.075 
0.485 0.837 1.860 2.548 4.546 4.595 7.448 8.494 9.128 9.910 
0.498 0.742 1.822 2.480 4.331 5.213 7.764 8.813 9.453 9.616 
0.560 1.175 1.739 2.082 5.408 5.916 7.421 8.243 11.336 11.972 
0.683 0.778 1.656 1.899 6.045 6.546 8.071 9.199 11.187 11.817 
0.481 0.837 1.692 2.233 5.506 5.708 7.881 7.704 11.227 12.024 
0.564 0.899 1.777 2.353 5.202 5.180 7.904 7.961 11.176 12.531 
0.782 0.807 1.897 2.537 5.008 5.206 8.020 7.537 10.038 12.302 
0.514 0.850 1.335 1.582 5.218 5.327 7.498 8.046 8.611 11.736 
0.607 0.655 1.131 1.252 5.625 5.053 7.571 7.822 7.746 11.847 
0.712 0.851 1.053 1.247 3.324 4.188 6.165 6.458 5.129 9.750 
0.665 0.658 2.283 2.155 5.152 4.924 7.253 7.683 7.889 12.316 
0.477 0.691 3.005 2.238 5.143 5.780 6.973 7.609 8.993 11.984 
0.873 1.011 1.564 1.516 3.876 4.955 6.175 6.446 8.480 11.092 
1.394 1.035 0.814 0.738 1.792 3.242 4.905 6.061 5.500 9.046 
1.040 0.844 0.536 0.672 1.112 3.343 4.592 6.275 5.625 8.487 
0.500 0.970 1.191 1.687 4.934 6.982 6.171 8.204 11.978 12.229 
0.558 1.195 1.717 1.476 4.891 5.137 7.709 8.192 12.414 13.059 
0.572 0.841 1.422 1.393 4.928 5.697 6.931 8.306 11.067 11.948 
0.539 1.197 0.975 1.529 3.796 4.734 5.741 6.562 9.003 10.050 
0.469 0.601 0.767 0.863 4.467 4.789 5.664 6.657 9.176 10.351 
0.648 1.196 1.021 1.439 5.294 5.237 5.074 5.946 8.148 8.708 
0.397 0.773 1.462 1.568 6.048 6.134 5.368 6.733 10.142 10.287 
0.572 0.639 1.569 1.798 5.463 6.302 7.090 8.533 10.016 9.787 
0.563 0.546 0.902 1.692 7.149 6.177 5.264 7.492 9.068 9.715 
0.641 0.637 0.791 1.192 5.176 5.694 5.786 6.588 8.067 9.793 
0.523 0.802 1.309 2.061 5.772 6.813 7.291 7.821 10.020 10.868 
0.525 0.704 2.036 2.460 4.860 6.634 7.591 8.669 11.685 12.790 
0.600 1.081 1.790 2.094 5.208 5.363 7.685 8.580 11.197 12.710 
0.587 0.787 1.406 1.687 5.926 4.840 8.191 9.389 10.826 12.072 
0.503 0.698 1.788 2.608 5.057 5.793 8.513 7.771 11.013 12.862 
0.486 0.927 1.596 2.175 4.575 6.093 7.492 6.886 10.489 11.886 
0.530 0.600 2.265 2.250 6.381 5.303 8.372 7.723 11.044 12.613 
0.518 0.895 1.706 2.463 6.262 5.096 8.001 7.505 10.786 12.529 
0.653 1.328 0.933 0.822 3.157 4.434 6.271 6.858 7.482 10.607 
0.867 0.632 0.355 0.389 0.943 2.549 5.069 6.212 3.797 9.991 
0.682 0.821 1.199 1.406 2.648 4.021 5.417 6.739 6.208 10.034 
0.569 0.603 1.833 1.807 4.927 5.757 5.968 7.204 9.777 12.262 
0.588 0.745 1.987 1.408 3.771 4.953 5.945 7.009 9.343 11.222 
1.212 1.209 0.618 0.826 2.048 3.650 5.742 6.671 7.311 9.857 
0.492 0.997 1.727 1.743 4.889 5.127 7.906 7.997 11.010 12.272 
0.592 0.969 1.757 2.088 5.248 6.030 7.221 8.190 11.556 12.526 
0.496 1.099 2.052 1.804 5.588 5.801 6.848 7.978 11.984 12.799 
0.334 0.833 1.556 1.252 4.909 4.899 6.539 7.879 11.258 12.564 
0.441 0.469 1.054 1.369 5.620 4.668 5.529 6.750 9.350 11.042 
0.494 1.033 1.273 1.191 6.975 6.446 6.093 7.118 10.267 11.307 
0.418 0.741 1.585 1.394 6.084 5.509 6.069 6.691 10.580 11.506 
0.421 0.860 1.751 1.353 5.121 6.678 7.270 8.473 10.258 10.184 
0.591 0.799 0.551 1.137 5.182 5.581 6.242 7.596 9.595 11.742 
0.485 0.604 0.772 1.417 5.639 6.223 5.802 6.956 9.463 11.926 
0.704 0.910 2.340 2.629 5.143 6.594 7.892 9.045 11.485 13.225 
0.674 1.008 2.169 2.620 5.089 6.433 8.010 8.885 11.566 12.838 
0.663 1.299 1.728 2.125 5.098 5.416 7.810 8.776 10.668 10.310 
0.536 0.711 2.081 2.587 5.698 6.877 7.603 8.051 10.901 12.031 
0.401 0.903 1.791 2.098 4.861 7.397 8.001 7.676 10.044 12.100 
0.659 0.739 1.804 2.095 5.789 6.327 7.839 7.730 10.499 12.334 
0.920 0.959 2.243 2.412 5.988 5.844 7.709 8.244 11.168 12.500 
0.587 0.828 1.838 1.480 4.546 4.309 7.175 7.618 10.102 11.737 
1.007 0.783 0.417 0.389 1.565 2.858 5.942 5.949 6.309 10.007 
0.872 0.743 0.388 0.442 0.715 2.705 5.206 6.253 6.083 9.916 
0.687 0.746 0.731 0.717 3.543 4.194 4.898 6.301 7.099 10.024 
0.701 0.783 1.116 0.868 4.132 5.092 7.473 8.895 9.806 10.216 
0.504 1.331 1.644 1.646 4.513 5.465 7.409 8.537 10.543 9.431 
0.613 0.992 2.093 2.028 5.199 5.075 6.920 7.777 10.470 11.871 
0.566 1.113 1.704 1.952 4.774 6.069 7.292 8.393 10.987 12.595 
0.462 0.930 1.606 1.440 5.202 4.751 6.276 7.686 10.585 11.580 
0.466 0.831 0.692 0.975 5.185 3.983 6.391 8.094 10.415 11.679 
0.663 1.023 0.405 0.638 4.554 4.198 6.601 8.093 9.905 11.412 
0.404 0.912 1.304 1.064 6.227 6.620 6.574 7.756 10.784 12.018 
0.450 1.423 1.503 1.604 6.609 5.936 6.873 7.828 10.915 11.788 
0.294 1.117 1.903 1.380 5.362 4.801 7.118 8.585 7.291 7.181 
0.474 0.522 0.971 1.698 6.785 6.001 6.182 7.906 9.541 12.030 
0.492 0.697 1.069 1.781 6.005 5.769 6.346 8.215 11.059 12.536 
0.706 1.089 2.221 2.787 5.475 6.582 7.219 7.560 10.876 11.887 
0.455 0.788 1.705 2.361 4.458 5.092 7.883 7.800 11.551 12.491 
0.666 0.861 1.688 2.534 6.490 6.504 6.931 8.731 11.323 12.578 
0.658 0.716 1.978 2.731 6.069 7.191 7.747 7.533 10.857 13.189 
0.485 0.898 1.669 2.013 4.913 6.236 7.871 7.372 10.128 12.282 
0.602 0.814 1.589 2.105 5.479 6.022 7.321 7.655 10.647 12.071 
0.583 0.632 1.891 1.622 5.175 4.919 7.802 8.775 10.982 10.237 
0.638 0.792 0.754 0.823 3.755 3.778 6.998 8.082 9.555 6.959 
0.591 0.667 1.479 1.303 3.924 4.260 6.864 6.892 10.528 11.369 
0.556 0.560 2.180 1.721 4.767 5.333 6.631 6.316 9.607 11.792 
0.555 0.783 1.852 1.889 5.225 5.142 7.365 7.221 10.622 12.054 
0.464 0.840 2.044 1.925 4.584 5.890 7.058 7.595 11.156 12.247 
0.613 1.343 2.192 2.315 5.514 6.021 6.766 7.260 10.899 11.887 
0.618 1.668 2.016 2.546 5.462 6.085 7.883 8.729 11.083 12.818 
0.506 1.486 1.471 1.543 4.742 5.088 6.821 7.848 9.166 11.598 
0.472 0.765 0.673 1.148 5.881 4.276 7.417 7.972 8.783 11.252 
0.629 0.573 0.625 0.975 5.067 4.355 7.444 8.241 9.148 11.478 
0.324 0.386 0.431 0.486 2.770 4.340 5.589 8.060 9.610 11.945 
0.600 1.427 0.711 1.198 5.308 5.929 7.275 7.834 9.897 11.132 
0.475 0.568 1.363 1.984 4.959 4.877 5.512 7.261 10.323 11.783 
0.378 0.434 1.099 2.079 5.905 4.898 6.261 7.120 11.020 12.541 
0.453 0.572 1.068 2.288 4.144 4.342 6.150 6.872 10.509 11.160 
0.696 0.562 0.924 2.096 4.531 4.991 6.818 6.753 10.491 11.594 
0.528 0.839 1.406 2.767 5.581 5.515 6.354 7.743 10.475 10.741 
0.686 1.068 2.385 3.046 6.552 6.822 7.369 8.941 11.581 13.061 
0.398 0.914 1.742 3.170 4.672 6.761 8.755 9.018 11.050 13.017 
0.442 0.901 1.561 1.988 5.068 5.573 7.757 7.169 10.683 12.189 
0.487 0.529 1.526 1.272 5.166 5.154 7.009 7.454 10.252 9.934 
0.468 0.810 2.172 1.893 5.342 5.696 7.259 7.115 9.930 11.819 
0.517 0.667 2.596 2.145 6.166 5.938 7.627 7.099 10.870 12.423 
0.463 0.592 2.486 2.074 4.780 6.078 7.862 6.961 10.765 12.536 
0.768 0.924 1.861 1.648 4.885 4.227 7.103 7.294 9.943 11.532 
0.502 0.709 1.979 2.212 5.006 6.906 7.162 7.162 10.800 12.613 
0.550 1.069 1.811 1.951 4.970 6.104 7.016 7.282 10.272 11.623 
0.555 1.472 2.099 2.183 5.446 5.179 7.623 8.683 11.521 12.626 
0.643 1.204 1.672 1.949 5.491 4.685 7.647 8.912 10.920 12.528 
0.433 0.543 0.750 1.321 4.683 4.109 7.109 7.844 9.224 11.086 
0.500 0.559 0.727 1.403 5.519 4.025 6.815 8.724 10.077 11.276 
0.391 0.618 0.778 1.363 4.014 4.090 6.180 9.003 9.244 11.414 
-999.000 -999.000 -999.000 -999.000 -999.000 3.703 5.794 6.437 6.916 8.298 
0.355 0.825 0.901 0.981 6.446 4.417 6.001 7.547 6.013 9.574 
0.674 0.696 0.586 0.488 1.720 4.289 5.296 6.145 6.030 8.664 
0.724 0.714 1.083 1.445 3.530 5.329 5.257 7.579 8.482 11.293 
0.443 0.933 1.313 2.252 4.574 5.257 5.846 7.441 9.797 12.060 
0.487 0.486 2.005 2.633 4.874 5.025 5.953 7.603 10.611 12.414 
0.619 0.572 1.963 3.306 5.682 5.318 5.824 6.195 10.707 11.060 
0.608 0.536 1.418 2.474 4.274 4.484 5.200 7.309 8.120 5.658 
0.604 1.124 1.113 1.790 6.453 6.446 5.671 5.928 9.639 11.309 
0.451 0.907 1.530 2.722 5.568 6.677 8.054 8.346 10.785 12.416 
0.420 0.802 2.254 2.480 4.850 6.595 8.176 8.171 10.980 12.876 
0.574 0.838 2.037 2.004 4.627 5.411 7.065 7.510 10.841 12.544 
0.574 0.712 2.406 1.725 5.056 5.499 6.969 6.419 10.223 12.182 
0.460 0.623 2.006 2.036 5.610 5.923 7.316 6.751 10.294 11.971 
0.602 0.905 1.903 1.907 5.663 5.339 7.497 7.267 9.848 11.815 
0.523 0.776 1.858 1.880 4.944 6.519 7.417 7.612 9.463 12.045 
0.488 0.622 1.455 1.734 5.168 5.845 6.922 7.041 9.667 12.204 
0.443 0.950 2.136 2.138 5.115 6.100 7.009 8.517 10.317 12.194 
0.563 1.174 1.835 1.966 4.927 5.201 6.843 7.908 10.533 11.658 
0.522 0.847 1.078 1.582 4.801 4.496 6.832 8.307 10.517 12.284 
0.573 0.738 0.920 1.544 4.893 4.590 7.138 8.305 9.368 11.578 
0.533 0.768 1.236 1.812 4.486 3.947 7.196 8.823 10.183 12.319 
0.439 0.683 1.525 1.764 4.853 4.331 6.936 8.349 10.335 12.358 
0.542 0.607 1.069 1.580 3.740 3.913 7.218 8.234 10.064 11.622 
0.592 0.791 1.089 2.029 3.251 2.965 2.457 4.204 2.686 6.487 
0.971 0.541 0.719 1.670 3.130 4.199 5.402 6.362 5.562 5.500 
0.599 0.580 1.199 1.434 4.132 5.323 5.662 7.332 8.942 11.689 
0.556 0.710 1.404 1.779 4.713 4.770 6.193 7.728 10.446 12.422 
0.513 0.709 2.256 2.423 4.460 5.727 6.047 6.394 9.253 11.550 
0.543 0.501 2.159 2.059 3.979 5.535 6.045 6.661 9.977 11.456 
0.534 0.555 0.853 1.893 5.028 4.839 5.534 6.958 9.742 8.899 
0.440 0.950 1.960 3.208 5.130 5.835 7.515 8.462 10.578 12.604 
0.418 0.690 2.480 3.208 5.199 5.514 7.643 8.570 11.181 12.498 
0.608 0.805 2.114 1.532 5.452 4.618 6.812 7.573 10.569 11.589 
0.595 0.585 2.086 1.199 4.901 5.307 7.207 7.033 9.718 11.951 
0.581 0.586 1.326 1.545 4.948 5.751 7.777 6.845 9.373 11.548 
0.492 0.561 1.463 1.585 5.519 6.066 7.754 7.373 9.520 12.014 
0.414 0.455 1.894 2.391 5.435 6.859 7.758 7.634 9.977 12.094 
0.617 1.009 2.156 2.121 5.744 5.222 7.123 7.702 9.851 11.659 
0.744 1.004 2.099 1.720 4.325 4.840 6.277 7.162 9.383 11.153 
0.757 0.888 2.078 2.079 4.828 6.034 7.179 7.989 10.935 11.908 
0.910 0.780 1.113 1.928 4.644 4.847 6.502 8.080 10.919 12.394 
0.663 0.667 1.156 1.749 5.434 5.801 7.475 8.830 11.316 12.867 
0.527 0.738 1.349 1.610 4.867 4.755 6.999 8.547 10.021 12.043 
0.764 0.521 1.482 1.166 4.347 3.864 6.287 7.809 9.367 10.955 
1.085 0.601 0.481 0.510 3.052 2.711 4.021 7.052 8.354 10.507 
0.558 0.653 0.824 1.054 4.381 4.924 6.074 7.416 8.544 10.727 
0.442 0.655 0.560 0.874 4.228 4.134 4.924 7.659 8.736 11.387 
0.595 0.843 0.981 2.632 4.140 4.307 4.990 5.971 7.933 11.285 
0.474 0.557 1.226 2.132 3.249 5.186 5.970 6.564 9.907 11.533 
0.571 0.722 1.111 1.330 3.158 5.455 7.292 7.800 9.054 8.871 
0.768 0.850 1.281 2.537 5.274 5.713 6.790 7.495 9.328 12.049 
0.441 0.838 1.386 2.675 5.933 5.825 6.619 8.572 10.550 12.710 
0.571 1.017 2.067 3.059 5.354 6.009 7.092 8.837 11.262 12.695 
0.585 0.906 2.708 3.411 5.175 4.717 7.753 8.460 11.304 12.236 
0.555 0.660 1.617 1.879 5.019 4.529 7.614 8.346 10.584 11.650 
0.602 0.611 1.166 1.426 5.522 4.510 7.668 7.940 10.129 12.147 
0.666 0.676 0.955 1.359 4.799 4.618 7.771 7.849 9.507 11.786 
0.598 0.729 1.400 1.897 5.243 4.776 7.641 8.240 9.414 11.112 
0.559 0.734 1.539 1.948 5.255 4.514 7.615 8.583 10.564 11.523 
1.229 0.770 0.508 0.369 0.812 2.240 4.511 5.151 4.393 9.251 
1.647 0.950 0.728 0.662 0.954 1.975 4.334 5.610 4.740 9.064 
1.449 1.058 0.980 0.914 2.005 3.557 5.373 7.329 6.569 10.774 
0.912 0.961 1.004 1.023 2.160 3.227 4.937 6.295 6.567 9.450 
0.979 1.055 0.731 1.388 2.327 3.427 5.368 6.419 7.014 10.110 
0.830 0.908 0.566 0.842 2.772 3.513 5.528 7.590 6.621 10.453 
1.007 0.865 0.647 0.840 3.115 3.326 4.935 6.788 6.402 8.413 
1.164 0.788 0.568 0.603 2.682 2.592 5.003 6.913 7.498 8.599 
1.128 0.744 0.415 0.537 3.059 2.884 5.497 7.347 7.754 9.632 
0.567 0.630 0.379 0.762 5.572 4.831 6.610 7.798 10.321 11.694 
1.070 1.549 0.666 1.169 6.286 5.215 6.592 8.988 7.253 7.491 
1.312 1.200 0.859 1.236 5.400 6.794 6.051 7.381 6.144 9.623 
0.447 0.439 2.095 2.378 5.662 7.312 7.649 7.939 10.564 12.485 
0.464 0.909 1.414 2.721 5.570 6.338 7.841 9.334 11.375 12.910 
0.527 0.648 1.763 2.660 5.685 4.981 7.622 9.157 11.200 12.613 
0.545 0.681 2.115 2.531 4.644 5.612 8.370 8.839 11.545 12.929 
0.617 0.766 2.734 3.155 5.020 4.914 8.317 8.435 11.776 12.700 
0.758 0.653 1.733 2.280 4.746 4.129 7.933 8.424 10.795 12.072 
0.643 0.696 1.021 1.782 5.423 4.755 8.407 8.452 10.330 12.088 
0.601 0.762 1.431 1.965 6.469 5.633 7.943 7.606 10.235 12.248 
0.622 0.843 1.791 2.226 5.429 6.235 7.931 7.865 9.833 11.699 
1.100 1.075 0.881 0.766 2.069 2.833 4.525 5.067 5.015 8.973 
1.234 1.016 0.585 0.462 0.728 1.991 4.029 5.111 4.213 9.253 
1.326 0.875 0.579 0.512 0.825 2.250 3.840 6.090 5.131 9.516 
1.403 1.103 0.648 0.665 1.458 2.672 4.596 6.723 5.517 10.066 
1.199 1.017 0.662 0.483 1.829 2.710 3.946 6.035 5.467 9.498 
1.512 1.048 0.827 0.613 0.938 2.257 3.618 4.680 4.207 8.023 
1.046 0.902 0.439 0.357 1.150 2.392 5.260 6.629 5.105 9.989 
0.909 1.027 0.605 0.593 1.693 2.517 4.814 6.085 5.218 8.559 
1.467 0.656 0.473 0.503 2.888 3.018 5.716 6.758 7.991 8.881 
1.162 0.679 0.500 0.621 2.114 3.072 5.996 7.841 7.977 9.407 
0.825 0.873 0.571 0.614 1.041 3.168 3.809 5.132 5.770 8.030 
0.578 0.878 1.723 2.467 5.492 5.645 6.189 8.147 7.226 9.694 
0.509 0.716 2.719 2.302 6.031 6.928 7.825 8.333 9.893 12.043 
0.580 0.614 2.208 2.242 6.135 7.228 6.838 7.554 10.295 11.864 
0.622 1.111 1.914 2.399 5.841 5.333 7.691 8.538 10.125 8.721 
0.768 0.884 1.932 2.481 5.668 5.556 7.915 8.602 11.385 12.201 
0.680 0.692 2.033 2.121 5.145 4.849 7.020 8.398 11.326 12.330 
0.526 0.743 1.554 1.545 3.723 5.442 7.159 7.990 10.112 9.160 
0.572 0.650 1.928 2.306 3.897 5.827 9.373 9.434 11.356 12.527 
0.547 1.065 1.750 2.381 5.563 5.771 8.269 8.371 11.062 12.223 
0.499 0.969 1.519 2.028 6.117 5.900 8.377 9.018 10.970 12.802 
0.775 1.037 1.739 1.569 3.832 4.478 6.878 7.084 7.227 9.793 
1.168 0.889 0.556 0.492 1.092 2.457 3.499 5.095 3.825 9.170 
1.036 0.851 0.456 0.416 0.952 2.550 4.238 6.460 4.121 9.146 
0.958 1.029 0.766 0.756 1.456 2.640 3.913 4.974 4.086 7.265 
1.022 0.994 0.783 0.442 1.676 3.032 3.791 5.512 4.486 8.666 
1.070 0.945 0.865 0.757 0.923 2.232 3.579 5.087 4.284 7.522 
1.371 1.185 0.616 0.671 1.220 2.336 4.347 6.430 5.153 8.854 
0.880 1.112 0.714 0.438 1.385 2.493 4.690 6.751 4.927 9.638 
1.303 0.875 0.652 0.577 2.058 2.578 4.830 6.257 6.026 8.503 
1.139 0.823 0.625 0.540 2.599 3.343 5.640 7.529 7.682 9.364 
0.911 0.631 0.260 0.413 2.655 3.240 5.045 7.773 8.138 11.413 
1.979 2.210 2.058 1.436 2.152 3.181 3.235 3.232 2.867 4.227 
0.538 1.511 1.800 2.369 6.737 6.073 8.561 9.488 8.996 6.594 
0.524 0.691 2.116 2.546 6.007 5.947 8.534 9.315 10.777 10.244 
0.543 0.831 1.979 2.853 6.010 6.383 7.912 8.935 11.350 11.370 
0.743 1.190 1.883 3.007 6.846 5.534 7.726 8.627 10.989 9.889 
0.816 0.761 2.078 2.539 6.699 5.697 7.359 9.140 11.348 11.986 
0.724 0.807 1.916 1.683 5.624 5.628 7.608 8.465 10.102 7.328 
0.587 0.902 1.898 2.252 4.575 5.717 7.842 8.231 10.946 12.513 
0.691 1.181 1.806 2.548 4.725 5.936 8.160 8.759 10.757 12.345 
0.532 0.977 2.037 2.303 5.876 5.655 8.821 9.160 11.295 12.701 
0.471 0.721 2.408 2.616 5.978 6.195 8.662 8.523 10.113 11.872 
0.970 0.848 1.126 0.881 2.596 3.051 4.607 5.107 3.833 7.121 
0.835 0.679 0.438 0.385 1.295 2.586 4.607 6.665 3.956 8.790 
0.692 0.884 0.665 0.532 1.792 2.373 4.230 7.460 5.209 8.683 
0.793 0.944 0.917 0.425 1.317 2.494 3.064 4.219 2.431 6.363 
1.091 0.856 0.901 0.687 0.977 2.535 3.017 5.070 3.499 6.684 
1.074 0.991 0.944 0.935 0.904 2.268 3.242 4.868 4.199 8.052 
1.032 0.787 0.740 0.553 0.967 2.260 3.634 4.761 4.214 8.595 
1.186 0.823 0.596 0.541 1.224 2.085 3.811 4.683 4.205 7.746 
1.513 0.675 0.464 0.572 1.941 3.164 4.165 6.041 7.622 9.584 
0.494 0.674 1.039 1.381 3.890 4.838 5.558 7.363 9.533 10.729 
0.746 0.847 2.105 1.864 5.451 6.392 6.186 6.829 7.891 8.999 
0.503 0.836 2.582 2.300 5.774 6.134 8.311 8.166 9.731 10.558 
0.600 1.026 2.245 2.980 6.772 6.154 9.502 10.131 11.467 11.535 
0.497 0.655 1.918 2.131 5.743 6.505 7.839 9.219 11.234 12.662 
1.101 1.563 1.906 2.789 5.745 5.913 7.228 8.545 10.030 7.132 
1.007 1.195 1.957 2.558 5.449 5.695 7.370 9.509 9.777 6.065 
0.743 0.883 1.430 2.408 5.182 5.267 7.693 8.465 8.996 7.709 
0.727 1.405 1.831 2.069 4.607 6.075 7.615 9.053 10.898 11.928 
0.643 1.188 1.574 2.454 5.236 5.342 7.977 9.054 10.358 11.761 
0.653 0.812 2.156 2.502 5.526 5.996 7.586 8.513 10.226 11.699 
0.634 0.731 2.505 2.573 6.079 6.054 7.976 7.225 10.149 11.628 
0.601 0.747 1.979 1.612 4.690 5.248 7.682 7.611 8.784 10.363 
1.074 0.644 0.863 0.488 1.159 2.471 4.057 5.494 4.164 8.877 
0.782 0.624 0.580 0.490 1.379 2.572 4.721 7.847 4.698 8.936 
1.020 0.690 0.863 0.750 0.962 2.484 3.102 4.236 2.199 6.650 
1.093 0.843 0.943 0.911 0.798 2.124 2.291 4.450 2.796 6.782 
0.998 1.090 1.113 0.742 0.836 2.252 3.639 5.620 4.779 8.001 
1.378 0.859 0.969 0.815 0.629 2.308 2.694 3.587 4.182 8.030 
1.370 0.712 0.657 0.523 0.714 2.030 3.609 4.746 4.247 9.504 
1.120 0.943 0.689 0.833 1.301 2.540 3.157 5.344 5.671 8.145 
1.232 0.616 0.560 0.612 1.571 3.049 4.536 5.679 6.331 8.255 
1.293 0.501 0.277 0.271 1.367 2.223 4.642 5.670 6.531 10.413 
0.938 0.676 1.892 2.769 5.907 6.635 8.299 8.614 9.979 12.224 
0.705 1.304 2.112 3.156 6.477 6.509 8.831 10.385 10.799 12.025 
0.660 0.971 2.387 3.381 5.452 6.116 9.200 11.002 11.266 12.610 
0.497 0.558 1.921 2.180 4.452 6.464 7.889 9.012 10.962 12.201 
0.976 1.298 2.062 2.872 6.112 6.461 7.779 9.690 10.066 8.462 
0.585 0.817 1.801 2.153 4.340 5.396 8.722 10.193 10.736 8.705 
0.762 1.121 1.977 2.538 5.540 6.250 6.722 9.703 10.975 11.512 
0.639 1.292 1.604 2.307 4.990 5.610 6.509 9.310 10.488 10.631 
0.586 0.947 1.956 2.439 5.213 6.492 8.328 9.437 10.772 12.014 
0.569 0.768 1.747 2.823 6.333 5.935 7.820 8.581 10.543 12.391 
0.412 0.610 1.850 2.146 6.077 6.367 8.395 8.218 10.468 12.066 
0.735 0.781 1.370 1.212 2.529 4.234 6.046 6.555 6.731 10.272 
0.801 0.679 0.596 0.520 1.356 2.632 4.427 6.654 4.952 9.057 
0.924 0.864 0.633 0.530 2.107 2.341 4.502 7.180 4.994 9.022 
1.021 0.813 1.186 1.089 1.075 2.099 3.250 4.910 3.810 7.951 
0.973 1.173 1.064 0.726 1.365 2.651 4.228 7.437 5.443 9.008 
1.359 1.114 1.039 0.906 1.023 2.125 2.095 4.048 4.572 7.276 
1.494 1.019 0.848 0.660 0.773 2.139 2.702 4.113 4.718 8.498 
1.325 0.768 0.735 0.809 0.815 2.132 3.892 4.674 4.347 9.499 
1.174 0.941 0.687 0.701 1.697 2.567 4.485 5.111 5.289 7.410 
0.829 1.051 1.231 0.994 3.713 3.742 5.811 6.935 8.532 10.369 
0.844 1.142 1.150 1.142 1.711 2.481 5.414 6.365 7.084 9.017 
0.993 0.777 2.408 3.554 5.435 7.381 8.356 9.033 10.513 12.489 
0.587 1.069 1.963 2.739 4.475 4.922 9.031 10.254 11.041 10.891 
0.661 1.241 2.269 3.277 5.296 5.513 7.754 9.155 9.654 10.947 
0.571 0.790 2.013 2.531 5.370 6.101 7.054 8.348 10.105 10.954 
0.652 1.246 1.607 2.046 3.499 5.926 7.265 9.019 7.915 8.145 
-999.000 -999.000 -999.000 -999.000 -999.000 6.344 8.983 9.789 9.592 6.174 
0.506 0.768 1.442 1.989 5.718 5.445 7.779 10.800 9.072 10.587 
0.653 1.232 1.629 2.695 5.218 5.774 6.667 9.243 10.514 11.427 
0.576 0.698 1.781 2.405 5.474 5.036 8.344 8.835 10.611 12.174 
0.573 0.945 1.948 2.631 5.639 6.465 8.330 8.940 10.432 11.846 
0.465 0.977 2.558 2.754 6.019 6.615 8.869 10.145 11.319 13.187 
0.544 0.960 2.406 2.437 5.574 6.452 9.095 10.146 11.005 12.693 
0.804 0.780 0.696 0.683 1.660 2.754 4.935 7.419 6.750 10.016 
0.871 0.693 0.559 0.561 1.719 2.165 4.553 7.523 6.536 9.974 
0.776 0.787 0.887 0.749 1.281 2.311 3.917 6.093 4.761 8.914 
1.101 0.842 0.970 0.789 1.441 2.235 4.052 6.920 5.135 9.003 
1.235 0.748 0.751 0.641 1.739 2.489 3.792 7.016 5.346 9.461 
1.478 0.926 0.911 0.490 0.794 2.279 3.090 3.832 4.083 8.273 
1.578 0.874 0.692 0.680 0.588 2.133 3.368 3.732 4.968 9.144 
0.926 0.963 1.312 1.170 1.691 2.595 3.820 4.730 5.768 8.638 
1.223 1.035 0.862 0.710 1.397 2.344 3.802 5.953 5.892 8.665 
1.264 1.204 0.671 0.401 0.514 1.640 3.243 4.172 4.221 8.534 
-999.000 -999.000 -999.000 -999.000 -999.000 1.477 3.303 3.973 3.335 6.435 
0.692 0.867 1.468 2.355 2.870 5.079 6.943 8.582 7.917 6.632 
0.638 0.747 2.009 1.913 3.873 6.085 6.444 6.947 9.635 11.091 
0.595 0.691 1.663 1.692 5.173 6.219 6.848 7.929 9.901 11.935 
0.742 1.528 1.798 2.657 6.054 5.286 8.106 9.869 9.594 7.124 
0.490 0.980 2.299 2.671 6.239 6.216 7.857 10.269 10.355 11.489 
0.639 1.213 1.640 2.367 5.930 5.437 6.911 7.991 10.170 12.018 
0.474 0.854 1.892 2.187 5.561 5.211 6.969 7.741 10.561 11.876 
0.593 0.702 1.497 2.190 4.974 5.382 8.480 9.716 11.156 12.625 
0.531 0.724 1.766 2.405 5.068 5.267 8.337 9.563 11.157 12.367 
0.543 0.789 1.600 2.018 5.424 5.540 8.063 8.974 11.328 12.635 
0.605 0.768 1.643 1.429 3.562 5.149 7.827 8.980 10.286 11.896 
0.807 0.975 0.705 0.646 1.883 2.268 5.253 7.283 6.743 10.041 
0.837 0.583 0.575 0.451 1.472 2.335 4.960 7.094 5.565 9.774 
0.907 0.764 0.680 0.581 1.229 2.217 3.628 5.669 4.811 8.228 
1.514 0.782 1.085 0.781 2.077 2.402 3.626 6.042 4.892 8.939 
1.351 0.942 0.769 0.773 1.877 2.115 3.520 5.824 4.503 8.279 
1.486 1.227 0.659 0.664 1.134 2.338 4.072 5.000 5.329 9.580 
1.568 0.994 0.718 0.465 0.904 1.595 2.619 3.625 3.985 7.804 
1.056 0.778 0.865 0.452 0.694 1.717 2.683 4.136 3.558 7.528 
1.019 0.813 0.721 0.552 1.199 2.385 4.099 5.346 5.539 8.312 
0.662 0.827 0.477 0.722 3.952 3.596 6.201 7.889 8.628 10.250 
0.684 0.930 2.250 3.344 5.064 6.137 6.417 8.783 6.385 10.138 
0.617 0.920 1.995 3.240 6.116 6.396 7.090 8.504 8.463 12.245 
0.630 0.740 1.886 1.839 6.278 6.206 6.419 7.905 9.864 11.897 
0.638 0.786 1.291 1.680 4.482 5.804 6.449 8.331 10.020 10.841 
0.593 0.835 1.789 2.200 6.052 5.290 6.403 8.481 10.727 12.096 
0.640 1.210 1.687 2.268 6.482 5.869 8.081 9.723 11.689 13.117 
0.649 1.564 1.945 2.707 5.920 5.824 8.754 9.552 10.975 7.945 
0.551 0.588 1.561 1.843 5.025 5.560 7.694 8.945 10.871 12.405 
0.678 0.825 1.724 2.018 4.809 5.996 8.227 9.051 11.250 12.679 
0.684 0.989 2.216 2.595 5.528 5.755 8.183 9.203 10.909 12.312 
0.512 0.639 2.426 2.542 5.439 4.857 9.508 11.683 11.875 12.409 
0.847 1.072 1.123 0.721 2.494 2.633 6.346 7.236 7.500 10.030 
0.841 0.911 0.687 0.433 1.605 2.125 4.235 7.115 6.006 9.227 
0.754 0.821 0.563 0.445 1.130 2.070 3.360 5.985 5.138 8.479 
1.248 0.846 0.844 0.515 2.540 2.178 2.922 6.081 5.658 9.232 
1.356 1.093 0.840 0.598 2.093 2.601 3.286 6.704 4.426 9.606 
1.423 1.057 0.997 0.767 1.130 2.176 2.784 4.707 4.024 8.691 
1.615 1.113 0.632 0.418 1.420 1.589 2.422 3.759 4.000 7.586 
0.732 0.906 0.564 0.849 3.063 3.498 6.029 8.001 8.418 10.346 
0.562 0.811 0.453 0.938 3.860 3.551 4.873 7.431 9.357 10.385 
0.516 1.040 0.410 0.773 3.768 3.715 6.064 7.732 8.069 9.734 
0.336 0.988 0.338 0.579 3.953 3.253 5.162 6.492 8.210 8.901 
0.393 1.316 0.672 3.095 5.883 4.453 6.055 8.448 8.770 11.881 
0.543 1.037 1.098 2.467 6.063 5.282 6.755 8.723 9.381 12.117 
0.557 1.174 1.695 2.149 7.092 5.739 7.548 8.825 10.166 12.707 
0.770 0.813 1.682 1.943 5.726 5.639 6.681 7.859 9.369 11.183 
0.665 0.985 1.568 2.336 6.166 5.925 7.116 9.098 11.005 12.591 
0.820 0.784 1.675 2.686 5.892 6.248 7.307 9.169 10.638 12.766 
0.669 1.049 2.044 2.658 4.516 5.458 8.226 9.471 9.782 6.224 
0.609 1.317 2.079 2.684 6.088 6.255 8.544 9.964 11.490 13.154 
0.704 0.767 2.362 2.650 5.576 6.145 8.593 9.547 11.627 13.415 
0.759 0.990 2.109 2.676 5.317 6.043 8.363 9.224 10.518 12.546 
0.622 0.956 2.235 2.507 5.233 6.663 8.576 9.300 11.016 12.196 
0.692 0.789 1.792 1.812 4.518 4.941 7.966 7.791 9.779 11.729 
0.787 0.831 0.944 1.115 2.744 2.841 4.804 5.701 6.123 9.744 
0.516 0.850 1.597 2.282 5.120 4.571 6.552 7.624 9.835 11.704 
0.953 0.716 0.733 0.626 2.488 2.864 3.785 5.387 5.566 9.154 
1.116 0.761 0.627 0.442 1.353 2.563 2.021 4.340 3.524 8.215 
0.594 0.668 0.408 0.659 3.313 3.353 4.539 6.635 5.741 8.983 
0.600 1.026 0.524 1.008 3.151 4.056 5.310 7.607 6.145 9.505 
0.461 1.164 0.397 0.777 3.658 3.624 6.196 8.300 8.376 10.569 
0.562 1.653 0.495 0.821 4.059 3.059 5.633 7.211 7.537 10.522 
0.674 1.291 0.634 0.825 3.959 3.902 5.832 7.329 8.005 10.360 
0.471 0.986 0.444 0.696 3.447 3.583 5.285 7.546 8.565 10.303 
0.533 1.135 0.576 1.575 4.834 6.208 6.080 8.278 9.135 12.157 
0.804 1.199 1.191 1.749 5.474 5.883 6.257 8.523 9.707 12.115 
0.602 0.958 1.615 1.375 6.236 5.571 6.986 7.996 10.061 12.196 
0.647 0.963 1.035 1.646 5.192 4.541 7.283 9.722 11.242 12.835 
0.456 0.691 1.388 1.819 5.033 4.651 8.983 10.928 10.281 11.587 
0.537 0.988 1.612 2.006 5.552 6.657 7.359 8.585 11.348 12.958 
0.638 1.036 1.942 2.200 5.650 4.834 7.039 7.878 10.804 11.959 
0.716 0.915 2.056 1.861 5.271 4.901 7.427 7.789 10.949 12.023 
0.683 1.085 1.919 2.051 5.971 5.970 7.572 7.945 11.074 11.440 
0.712 0.763 2.049 2.403 5.793 5.262 7.553 8.163 11.313 11.624 
0.598 0.889 1.425 2.155 5.181 5.145 7.155 7.818 9.938 11.411 
0.408 0.957 1.968 2.649 5.713 4.396 6.822 8.091 10.158 12.338 
0.445 0.488 0.559 0.839 4.107 4.879 5.055 5.979 8.056 9.756 
0.480 0.712 0.442 0.699 4.439 3.725 5.384 7.255 8.548 10.227 
0.575 0.791 0.532 0.830 4.017 4.076 6.078 7.823 7.186 9.778 
0.406 0.951 0.551 0.770 3.080 3.552 5.522 7.630 5.902 9.209 
0.629 1.479 0.569 0.953 3.462 3.765 6.197 7.806 6.543 10.669 
0.408 1.747 0.589 0.794 3.451 3.099 5.898 7.475 7.060 10.651 
0.486 2.148 0.435 0.669 4.298 3.068 5.984 7.172 7.762 11.065 
0.858 1.707 0.952 1.177 4.096 3.860 6.658 7.765 8.683 11.656 
0.444 1.915 2.053 2.227 4.737 6.409 7.594 7.730 10.622 13.375 
0.695 1.052 1.125 2.300 5.177 6.248 6.109 7.751 10.218 12.597 
0.757 0.615 0.939 1.703 4.493 5.199 5.776 7.554 8.628 10.857 
0.602 0.866 1.628 1.670 4.763 6.537 6.541 9.333 10.862 12.259 
0.595 1.311 1.306 2.230 4.596 5.233 6.202 8.762 10.702 12.973 
0.521 1.142 1.741 2.250 5.926 5.252 7.491 9.441 11.719 11.364 
0.502 0.765 1.545 2.026 5.503 5.056 7.368 8.649 11.631 10.655 
0.438 1.002 1.741 1.988 6.290 6.019 6.333 7.876 11.275 12.693 
0.575 0.725 1.908 1.929 5.559 5.283 7.901 8.886 11.355 12.741 
0.620 1.313 1.902 2.664 5.836 5.813 8.807 9.361 10.553 10.572 
0.748 0.931 1.527 1.797 4.896 4.480 6.960 7.650 11.337 11.529 
0.484 0.849 1.360 1.629 4.908 5.323 7.343 8.991 11.488 9.891 
0.752 0.783 1.172 1.510 4.960 4.503 6.444 7.264 9.418 10.685 
0.499 0.741 1.442 2.160 5.127 5.214 7.628 8.678 11.275 12.062 
0.568 0.893 0.767 1.280 4.159 3.808 6.712 7.806 9.899 11.319 
0.703 1.082 0.835 1.180 4.063 3.645 6.061 7.456 7.998 9.799 
0.423 1.282 0.401 0.659 2.762 3.270 6.069 8.018 6.943 10.201 
0.551 1.662 0.559 0.844 3.838 3.719 6.081 8.012 7.441 9.705 
0.562 1.355 0.514 0.806 3.837 3.073 5.743 6.911 7.392 10.790 
0.582 1.798 0.497 0.714 3.871 2.811 5.504 5.800 6.691 10.671 
0.824 2.302 2.006 2.454 5.449 5.784 7.501 7.957 9.954 12.197 
0.640 1.882 2.360 2.201 5.753 5.976 7.937 7.641 10.975 12.924 
0.844 0.912 1.326 2.088 4.550 5.043 5.090 8.682 8.198 8.497 
0.820 0.655 1.105 1.682 4.708 5.945 4.972 8.189 9.986 11.150 
0.535 0.669 1.276 1.729 5.996 6.269 6.293 7.549 10.868 12.384 
0.737 0.891 1.294 2.083 5.858 4.940 8.850 10.195 11.508 7.713 
0.529 0.630 1.434 2.363 5.768 5.435 7.923 9.181 11.352 9.715 
0.478 0.735 1.512 2.063 5.828 5.332 6.835 8.612 11.662 12.385 
0.562 0.877 1.571 1.736 5.844 5.535 6.643 8.674 11.174 13.021 
0.619 0.934 1.810 1.597 4.815 5.422 8.010 8.681 10.135 11.277 
0.486 0.640 1.419 1.572 5.357 5.054 8.583 9.479 10.180 4.517 
0.438 0.560 1.921 1.760 4.679 5.309 7.265 7.957 10.518 8.950 
0.626 0.915 2.421 2.261 5.506 4.916 7.082 7.488 10.679 11.518 
0.639 1.026 1.789 2.434 6.196 4.571 7.478 8.382 11.312 12.809 
0.582 0.787 1.293 1.979 5.192 4.862 7.365 8.328 10.718 12.555 
0.617 1.615 0.544 1.164 3.944 3.613 6.557 7.511 8.201 10.765 
0.603 1.145 0.449 0.958 3.702 3.811 6.447 7.791 7.984 10.414 
0.525 1.524 0.470 0.857 3.460 3.794 6.209 7.885 7.919 10.639 
0.409 1.811 0.492 1.386 4.041 4.439 4.935 6.255 6.986 9.856 
0.563 1.795 0.526 1.612 4.879 3.121 6.076 7.010 8.916 11.600 
0.813 2.685 1.639 2.741 5.281 4.897 7.661 8.408 9.263 11.956 
0.691 2.541 2.099 2.675 5.882 5.943 8.112 8.619 10.404 12.713 
0.475 0.832 2.096 2.325 5.815 6.235 7.538 8.611 10.239 12.851 
-999.000 -999.000 -999.000 -999.000 -999.000 6.629 6.513 8.691 5.634 2.034 
0.700 0.741 1.439 1.624 5.580 5.701 5.861 7.794 10.390 11.658 
0.602 0.626 1.191 1.962 5.908 5.579 6.370 7.867 11.181 12.505 
0.490 0.713 1.070 2.089 4.456 5.880 6.889 8.230 10.310 10.505 
0.526 0.909 1.432 2.922 6.222 5.406 7.986 8.547 10.500 7.668 
0.475 0.883 1.473 2.177 5.405 5.220 6.763 8.339 11.271 9.908 
0.537 1.168 1.561 1.605 4.908 6.225 6.521 8.030 10.256 11.689 
0.615 0.801 1.587 1.407 5.330 5.199 7.667 8.531 10.885 12.057 
0.492 0.822 1.652 1.601 5.176 4.789 8.697 9.769 10.848 7.847 
0.517 0.604 1.701 1.986 6.046 5.737 7.739 8.051 10.883 10.642 
0.491 0.733 2.466 2.178 5.634 5.146 7.741 8.386 10.445 11.599 
0.446 0.962 1.860 2.161 5.598 4.309 7.568 8.540 10.833 12.629 
0.504 0.911 1.502 2.387 6.054 4.484 7.626 8.800 11.017 13.234 
0.393 0.969 1.561 2.562 5.351 4.633 7.715 9.086 10.875 12.645 
0.478 1.315 0.683 1.529 4.371 4.166 6.282 7.991 8.592 11.253 
0.400 1.339 0.405 1.052 3.765 4.120 5.776 7.346 8.077 10.558 
0.579 1.623 0.442 1.596 3.576 4.131 5.920 7.395 8.428 10.803 
0.577 1.472 0.652 2.014 4.591 3.933 6.142 7.753 9.691 11.958 
0.640 2.064 1.818 3.447 4.597 5.186 7.651 8.939 9.392 12.784 
0.507 1.858 1.745 2.527 5.424 5.652 7.874 9.183 10.242 12.587 
0.416 0.947 1.958 2.245 5.031 5.819 8.057 9.139 11.014 13.301 
1.774 1.949 0.335 0.391 0.521 2.067 3.298 4.383 5.294 9.196 
-999.000 -999.000 -999.000 -999.000 -999.000 4.042 4.848 7.071 8.779 8.634 
0.600 0.777 1.087 1.888 4.530 5.723 5.295 7.819 9.228 10.811 
0.563 0.499 1.397 1.674 4.391 5.432 5.521 7.305 10.239 12.603 
0.787 1.062 1.322 2.610 5.052 5.597 7.339 8.109 10.261 10.005 
0.531 0.619 0.924 1.585 4.576 4.533 5.035 6.104 8.432 9.797 
0.652 0.828 1.553 1.821 4.943 5.189 7.150 7.634 10.885 12.186 
0.659 0.911 1.323 1.960 5.792 5.215 7.456 8.293 10.325 11.758 
0.636 0.713 2.187 1.623 5.474 4.593 7.746 8.527 9.971 8.952 
0.677 1.041 1.424 1.522 5.764 4.551 7.974 9.986 10.657 4.394 
0.781 1.143 1.398 1.591 5.148 4.774 7.709 9.047 10.694 7.132 
0.549 1.332 1.884 2.113 5.693 4.005 8.315 8.581 10.607 12.122 
0.550 1.579 1.427 2.367 5.884 4.813 7.972 8.715 11.112 12.325 
0.485 0.813 1.640 2.535 5.044 4.776 7.648 8.882 10.715 12.188 
0.532 1.181 0.579 1.361 3.997 4.574 6.215 7.490 8.186 11.567 
0.627 1.230 0.555 1.193 3.354 4.048 6.263 7.090 7.977 11.108 
0.512 1.627 0.699 1.744 4.199 3.518 6.969 7.930 9.608 11.908 
0.499 1.312 1.018 2.450 4.617 4.176 7.697 8.683 10.533 12.071 
0.574 1.085 1.778 2.682 5.303 4.212 8.139 8.198 10.647 12.951 
0.799 1.986 2.318 2.772 5.698 5.431 7.772 8.812 11.081 12.398 
0.789 1.195 2.327 2.617 5.602 6.834 7.365 8.435 11.321 12.993 
1.085 1.415 1.611 1.325 4.286 4.282 6.642 7.922 9.586 11.457 
1.314 0.875 0.714 0.795 1.559 2.073 0.939 2.028 1.471 4.608 
0.709 0.933 0.803 1.938 5.270 5.597 6.855 7.813 8.687 10.551 
0.880 1.121 1.298 2.045 3.675 5.163 6.068 7.602 8.331 9.904 
0.451 0.682 1.490 2.034 5.258 5.926 6.496 7.424 9.375 12.159 
0.533 1.011 1.454 2.212 5.234 5.314 6.713 7.862 10.498 12.604 
0.580 0.937 1.840 2.085 5.685 4.858 7.656 8.072 10.328 12.275 
0.426 0.915 1.638 1.863 5.584 4.909 7.954 8.460 10.701 10.948 
0.567 1.142 1.701 1.818 4.990 5.888 8.140 8.079 10.852 11.616 
0.651 0.997 1.592 1.805 4.740 5.017 8.164 8.587 10.470 11.797 
0.673 1.870 1.159 2.088 5.658 4.410 7.972 8.445 10.804 12.051 
0.527 0.890 1.483 1.822 5.250 4.257 7.633 8.799 9.917 12.063 
0.569 0.789 0.847 1.901 4.174 4.575 7.378 8.820 8.709 12.454 
0.484 0.867 0.879 1.940 4.812 3.746 6.948 8.123 8.204 11.913 
0.476 0.969 0.574 1.414 3.737 3.877 6.901 7.693 7.883 11.472 
0.620 1.145 0.549 1.607 4.015 3.426 6.282 7.421 8.780 10.622 
0.664 1.297 0.420 0.921 3.624 2.863 6.371 6.941 9.181 11.551 
0.542 1.271 1.358 1.967 4.625 4.250 6.880 8.057 8.934 11.112 
0.688 1.321 1.726 2.218 6.032 4.867 6.826 8.429 10.464 12.377 
0.659 1.201 2.094 2.197 5.890 5.460 7.869 9.270 11.219 12.132 
0.571 0.798 1.731 1.459 4.622 6.867 7.741 8.892 11.209 12.221 
0.249 1.223 0.541 1.744 5.114 5.544 5.609 8.170 7.841 9.514 
0.389 0.904 1.386 2.049 4.888 6.490 6.826 8.464 9.787 11.835 
0.403 1.135 1.493 2.249 5.238 6.530 6.060 8.084 9.781 11.682 
0.640 1.139 1.558 1.840 5.270 5.769 6.738 8.122 9.360 12.057 
0.486 0.650 2.303 1.850 4.717 5.117 7.346 7.630 10.404 11.699 
0.521 1.217 2.136 1.830 5.497 5.300 7.884 7.729 11.400 12.176 
0.491 1.101 1.597 1.802 5.434 5.898 8.210 8.012 10.398 12.128 
0.607 1.274 1.621 1.644 5.089 4.856 8.281 8.102 8.723 11.381 
0.473 1.341 1.480 2.261 6.315 4.244 8.330 9.166 11.192 12.503 
0.529 0.718 1.567 2.754 5.623 4.624 7.619 8.985 9.670 12.503 
0.484 0.639 2.035 2.962 5.648 5.001 7.452 8.709 8.553 12.377 
0.365 0.485 0.496 1.609 5.091 3.820 6.625 7.607 7.316 11.243 
0.555 1.120 0.501 1.440 4.172 4.476 6.803 7.836 7.610 10.938 
0.645 1.388 0.446 1.128 4.392 3.178 6.201 7.404 9.074 11.582 
0.539 1.501 0.688 1.059 2.708 2.782 5.347 6.679 6.917 9.571 
0.617 0.997 1.193 1.587 4.846 4.414 6.054 8.065 9.019 11.078 
0.708 1.177 2.084 2.165 5.987 5.263 7.500 8.912 11.828 11.980 
0.699 1.220 1.804 1.474 4.594 4.368 5.655 6.355 6.872 8.106 
0.588 0.601 1.064 1.573 4.119 5.762 6.596 8.437 9.768 11.479 
0.488 0.693 1.223 1.202 3.911 5.378 5.541 7.545 8.983 11.579 
0.652 1.025 0.866 1.783 4.243 4.120 5.622 6.948 9.302 11.427 
0.492 0.803 0.613 1.151 3.837 4.641 4.894 5.888 8.603 10.884 
0.403 1.032 1.681 1.806 5.501 4.584 7.820 7.833 11.232 11.806 
0.620 1.927 1.800 1.948 4.961 5.278 8.477 7.777 9.623 11.522 
0.710 1.465 1.925 2.122 5.300 5.960 8.161 7.581 7.802 11.678 
0.787 1.051 1.414 2.021 5.440 5.235 7.398 7.518 8.909 11.921 
0.686 0.937 1.725 2.296 5.475 5.544 6.709 7.700 9.650 12.353 
0.644 0.963 1.616 2.139 4.995 4.566 7.455 8.429 7.943 12.073 
0.464 0.762 0.443 1.475 4.867 3.513 5.981 7.864 7.379 11.923 
0.538 0.967 0.974 1.698 5.712 4.912 7.538 7.753 8.669 12.085 
0.633 1.081 0.722 1.201 4.470 3.867 6.548 7.639 8.897 11.645 
0.478 0.990 0.606 1.022 3.870 3.152 5.061 6.605 7.098 10.102 
1.117 1.576 1.138 1.444 3.223 4.019 4.928 7.923 7.380 9.882 
0.635 0.590 1.405 1.524 5.895 5.537 6.181 7.707 8.324 9.793 
0.660 1.076 2.024 1.447 4.859 5.918 7.579 8.926 9.933 11.394 
0.439 0.660 1.102 1.189 4.828 5.149 6.199 8.632 9.114 11.920 
0.611 0.685 0.941 1.399 4.834 4.718 6.733 8.096 10.294 11.440 
0.708 1.185 0.850 1.450 3.670 4.344 4.799 6.038 8.105 9.159 
0.602 1.183 1.150 1.819 3.939 4.558 4.919 6.705 9.342 10.625 
0.502 1.900 1.250 2.078 5.935 5.928 6.362 7.813 11.693 12.523 
0.590 0.805 1.217 1.652 6.051 4.816 7.489 8.191 11.316 11.756 
0.664 0.874 1.430 1.517 5.471 5.016 8.233 8.325 10.052 11.104 
0.603 1.200 1.354 1.931 5.495 4.121 7.502 8.204 7.708 11.318 
0.643 0.686 1.613 2.211 5.592 4.897 7.025 7.529 9.745 11.116 
0.495 0.776 1.773 1.659 5.402 5.920 7.473 7.715 10.210 12.270 
0.489 0.832 0.753 1.028 4.751 4.161 6.884 7.798 7.998 12.091 
0.460 0.607 0.464 1.147 4.136 3.731 6.162 7.637 5.964 11.180 
0.719 0.838 0.837 1.469 4.808 4.283 6.737 7.393 6.966 10.892 
0.734 0.900 0.679 1.101 3.857 3.198 5.973 6.648 7.215 10.956 
0.493 0.624 1.113 1.858 5.088 4.969 5.454 6.475 8.211 10.476 
0.394 0.911 0.808 1.251 5.157 4.714 5.483 6.885 8.163 10.082 
0.763 1.619 1.321 1.298 4.785 5.415 7.403 8.877 10.005 11.819 
0.524 0.598 1.273 1.569 5.762 6.116 6.709 8.878 10.357 12.241 
0.790 0.998 1.912 1.954 4.714 6.177 7.532 8.621 10.879 11.826 
0.469 0.882 1.247 1.359 3.619 5.787 7.802 8.986 11.259 12.023 
-999.000 -999.000 -999.000 -999.000 -999.000 3.435 6.187 7.645 8.181 10.646 
0.605 0.721 1.040 1.351 4.415 6.277 7.462 8.177 10.070 11.457 
0.676 1.145 0.735 1.680 3.896 4.190 4.872 4.960 5.537 6.458 
0.764 1.061 1.081 1.698 3.046 5.199 3.978 5.554 7.268 6.762 
0.462 1.342 1.015 1.690 4.712 5.423 5.350 6.759 9.209 11.044 
0.737 0.794 0.805 1.079 5.873 4.338 7.161 8.542 11.345 12.490 
0.981 0.955 1.163 1.135 4.124 4.337 6.946 6.752 10.806 9.803 
0.597 0.926 1.056 1.557 5.877 4.322 7.010 7.654 11.283 11.337 
0.550 1.128 1.581 1.763 5.997 4.053 7.122 7.909 11.146 11.661 
0.610 0.665 1.248 1.548 5.280 3.699 7.238 7.302 12.308 11.963 
0.552 1.258 1.384 1.731 5.606 4.120 7.011 8.052 7.965 9.830 
0.566 1.061 0.618 0.987 5.270 3.808 6.703 7.037 7.237 12.509 
1.139 0.733 0.602 0.902 3.857 3.296 5.719 6.391 4.921 10.601 
2.115 0.975 0.382 0.415 1.647 2.147 3.880 4.049 2.794 9.083 
0.563 0.662 1.022 1.673 4.880 5.056 5.214 6.219 7.519 9.539 
0.888 0.704 1.203 1.529 4.308 5.307 5.752 6.956 7.571 9.855 
0.712 1.024 2.770 2.036 4.930 5.715 8.144 9.984 10.856 12.561 
0.671 0.965 2.701 2.491 5.081 6.063 8.014 9.756 10.975 12.697 
0.614 0.739 2.468 2.178 5.140 6.747 7.645 9.167 11.260 12.494 
0.658 0.821 2.416 2.188 4.187 6.307 7.758 9.428 11.240 12.683 
0.416 0.440 1.188 1.144 5.192 7.153 6.952 6.777 8.959 11.257 
0.510 0.784 0.750 1.280 4.619 5.157 6.962 7.713 8.517 10.465 
0.667 1.269 0.878 1.416 4.489 4.776 5.512 7.560 8.116 9.110 
0.683 0.814 1.066 1.079 4.061 4.660 4.351 6.266 8.139 8.226 
0.824 1.147 0.921 1.555 4.965 4.236 6.270 6.959 9.515 11.145 
0.697 0.841 1.187 1.331 6.417 4.504 6.152 7.144 10.803 10.580 
0.617 0.686 1.010 1.258 6.322 5.166 7.176 7.236 11.971 11.455 
0.466 0.736 1.429 1.867 5.793 4.744 7.273 7.724 12.160 11.919 
0.587 0.698 1.188 2.100 5.238 3.845 7.375 7.414 11.987 11.856 
0.582 0.769 1.262 1.825 5.915 4.242 7.647 8.205 11.834 12.454 
0.572 0.703 1.041 1.257 5.119 3.775 6.811 7.517 9.431 12.568 
1.085 1.033 0.740 0.816 3.280 3.515 4.259 5.305 3.402 9.835 
1.638 1.264 0.610 0.680 1.372 1.736 2.149 2.720 2.020 6.931 
0.938 0.780 0.706 0.982 2.739 3.197 3.028 4.468 3.768 8.172 
1.199 1.031 0.643 0.890 3.224 2.967 4.027 4.591 4.034 8.091 
0.940 1.081 1.092 1.187 3.287 3.574 4.636 5.713 4.898 7.270 
0.702 0.847 2.733 2.140 4.576 5.151 8.450 9.934 11.433 13.096 
0.772 0.962 2.197 1.991 5.780 6.396 8.150 9.906 10.828 12.593 
0.717 0.771 1.419 1.451 4.010 4.199 5.875 7.481 8.579 10.646 
0.766 0.578 0.654 0.527 3.947 3.207 5.197 6.013 6.206 8.795 
0.380 0.516 0.790 1.048 3.455 5.647 7.983 9.894 7.954 10.800 
0.735 1.056 1.465 2.174 4.712 5.929 7.221 8.680 10.074 10.554 
0.571 0.808 1.387 1.748 5.594 4.732 7.116 8.043 11.182 11.430 
0.536 0.816 0.863 1.064 4.635 4.389 5.574 6.986 9.919 9.760 
0.533 1.057 1.051 0.880 6.168 4.268 5.189 6.268 11.220 11.349 
0.615 0.763 1.067 0.929 6.131 4.923 7.050 7.113 12.036 11.617 
0.480 1.361 1.384 1.860 6.158 6.078 6.872 7.081 11.336 11.534 
0.582 0.891 1.203 1.605 5.878 4.363 7.283 7.495 11.425 11.770 
0.553 0.728 1.492 1.416 5.836 4.049 8.063 8.310 11.174 12.284 
0.549 1.051 1.276 1.490 5.746 4.614 7.546 8.320 10.786 12.291 
0.635 0.874 1.476 1.490 5.349 5.477 7.653 8.996 8.612 12.027 
1.132 0.908 1.268 1.185 4.126 3.915 5.579 7.005 5.697 9.666 
2.352 2.236 0.890 0.946 1.794 2.156 2.680 4.512 2.348 6.389 
2.005 1.580 1.067 1.140 3.095 2.778 2.453 3.710 2.105 5.687 
2.175 2.242 0.926 0.774 2.244 2.605 2.387 3.723 2.575 7.569 
1.167 0.864 1.145 1.083 2.701 2.724 4.784 6.104 6.680 10.370 
0.850 0.949 1.750 1.570 4.743 4.667 7.077 8.091 9.812 11.493 
0.677 0.770 2.218 2.428 4.386 5.806 7.690 8.327 10.242 11.211 
0.546 0.709 2.539 2.391 3.144 5.981 8.209 8.380 10.209 11.546 
-999.000 -999.000 -999.000 -999.000 -999.000 3.297 4.837 4.821 6.159 7.762 
0.417 0.441 0.608 0.907 2.248 5.548 5.640 6.176 6.674 8.408 
0.510 0.866 1.147 1.412 4.597 3.277 5.399 6.262 9.085 10.205 
1.038 1.842 1.364 1.143 3.267 3.078 3.386 4.799 6.859 9.028 
0.752 1.490 1.257 1.179 2.408 1.734 2.014 2.759 5.332 7.744 
0.633 1.136 1.716 1.071 6.558 4.776 5.884 7.292 10.730 11.966 
0.640 1.012 1.492 1.277 5.926 4.300 7.513 7.823 11.525 12.361 
0.740 0.778 1.178 1.589 5.833 4.656 7.520 7.603 11.176 11.394 
0.717 0.536 1.012 1.291 5.033 4.185 8.742 9.188 10.061 11.455 
0.603 0.711 1.963 1.663 4.556 4.104 10.452 11.683 10.016 11.077 
0.589 1.027 1.676 1.722 5.495 4.943 7.115 10.062 10.126 11.451 
0.594 0.925 1.690 1.550 5.304 4.805 6.482 8.194 7.097 11.499 
0.946 1.164 0.931 1.061 3.959 3.544 5.600 6.181 4.399 8.902 
1.423 1.241 0.554 0.676 1.571 2.263 2.877 3.337 2.033 7.206 
1.625 1.759 0.338 0.308 1.473 1.669 2.628 4.118 2.947 9.997 
1.245 1.020 1.514 1.423 4.222 4.157 4.949 6.113 5.946 10.134 
0.551 0.776 2.050 1.689 5.475 5.036 8.169 9.464 9.979 11.713 
0.609 0.843 1.723 1.878 4.429 6.005 8.480 9.716 10.433 12.054 
0.669 0.955 2.533 2.022 4.097 6.884 7.842 8.547 10.534 11.623 
0.563 0.757 1.731 1.868 4.076 6.149 8.413 8.962 10.548 12.109 
0.828 1.477 1.257 1.389 2.382 2.658 3.093 3.669 4.929 7.067 
1.711 2.888 2.093 1.164 1.764 1.871 2.792 3.438 4.825 8.683 
1.032 1.282 1.032 1.286 1.688 2.626 3.133 3.622 4.982 8.073 
0.728 1.177 1.247 1.324 4.225 4.151 4.146 5.765 7.539 10.604 
0.613 1.244 1.283 1.105 5.148 4.305 6.784 7.455 8.227 11.208 
1.034 0.577 0.766 0.844 3.216 3.450 6.255 5.991 8.453 10.486 
1.194 0.337 0.479 0.641 4.480 4.453 7.879 8.365 10.438 11.999 
0.991 0.470 0.908 1.079 5.183 4.037 9.552 10.776 10.391 12.027 
0.537 0.836 1.729 1.581 5.569 4.721 8.947 10.562 10.856 10.831 
0.754 0.843 1.142 1.165 4.126 4.064 6.300 7.463 6.362 10.582 
1.207 0.952 0.666 0.652 2.013 2.625 3.926 4.780 3.031 8.432 
1.673 1.895 1.166 1.111 1.739 2.446 2.802 4.103 2.033 5.987 
0.961 1.206 0.995 1.016 2.266 2.944 4.968 6.551 4.885 10.575 
0.714 0.982 2.398 2.215 5.631 4.965 6.385 8.405 8.882 11.652 
1.686 0.893 1.233 1.053 2.827 3.029 4.631 5.944 6.463 10.314 
0.537 0.523 1.287 1.036 5.134 5.419 8.370 10.546 9.658 11.665 
0.715 0.846 1.678 1.363 5.354 6.159 8.934 9.172 9.980 11.474 
0.685 0.787 1.367 1.621 4.415 5.927 9.646 10.562 9.886 11.983 
0.551 0.749 1.041 1.303 5.216 6.209 8.763 9.963 7.750 9.492 
0.965 1.464 0.976 1.643 3.587 4.346 5.064 6.349 8.179 10.310 
0.639 0.964 0.875 1.626 2.647 4.225 4.955 6.017 7.383 8.521 
1.471 1.501 0.607 0.907 2.420 3.425 3.506 3.817 4.893 7.604 
1.413 1.147 0.400 0.611 2.779 2.830 3.231 3.556 4.656 7.565 
1.416 0.518 0.476 0.655 2.252 3.014 5.103 5.147 6.444 9.742 
2.168 1.135 0.502 1.032 3.056 3.573 3.963 3.777 4.597 7.978 
1.641 0.784 0.576 0.898 3.069 3.568 6.024 5.602 5.594 9.900 
0.786 0.782 1.191 1.194 4.466 4.217 8.714 9.030 9.550 9.998 
1.097 0.985 1.008 0.879 3.857 3.313 5.368 5.770 5.192 9.486 
1.284 1.223 0.556 0.579 1.266 2.101 2.313 3.172 1.912 7.253 
0.806 2.168 2.010 1.673 3.681 3.652 3.659 4.743 3.221 7.428 
1.286 1.313 0.473 0.494 1.707 2.842 4.655 5.779 3.178 9.462 
1.720 1.179 0.825 0.687 1.753 2.910 3.945 5.541 3.857 8.420 
0.839 0.763 1.980 2.196 5.900 5.749 7.359 10.100 8.697 11.241 
0.685 0.844 2.230 3.165 5.217 5.430 8.421 10.490 10.240 12.006 
0.677 1.744 2.838 3.146 5.334 5.959 8.804 10.608 8.218 10.626 
0.737 1.103 1.750 1.984 4.796 5.891 8.521 10.224 10.394 11.279 
0.655 0.725 2.169 2.179 5.797 6.433 8.834 10.740 10.441 11.375 
0.489 1.159 1.174 1.879 3.473 4.350 6.600 7.528 9.715 11.182 
1.058 0.822 0.495 0.455 2.026 3.521 4.752 5.005 5.126 8.563 
1.309 0.815 0.536 0.404 1.187 3.178 5.386 5.538 4.668 9.189 
1.384 0.818 0.404 0.490 1.598 3.218 5.600 4.916 4.298 8.895 
1.414 0.729 0.530 0.669 2.297 3.265 5.207 5.051 4.652 8.012 
1.614 0.839 0.452 0.492 1.449 2.073 3.793 4.058 2.269 6.615 
1.433 1.024 0.606 0.750 1.094 2.351 3.134 3.798 2.153 7.058 
0.580 1.063 1.855 2.526 5.832 5.968 7.693 9.934 7.322 10.762 
0.999 1.824 1.907 2.025 5.751 5.182 7.263 9.477 7.548 10.932 
1.118 1.211 1.581 1.369 4.725 4.718 6.746 8.706 6.737 9.753 
0.642 1.404 1.835 2.007 5.879 6.452 8.254 10.634 10.346 9.234 
0.519 0.645 2.354 2.772 5.898 6.839 8.287 9.718 9.974 11.509 
0.549 1.017 2.159 3.082 5.367 5.887 8.861 10.387 10.679 12.400 
0.685 1.393 1.883 2.577 5.274 5.129 8.104 10.391 9.695 11.483 
0.988 0.953 1.793 1.858 5.559 5.976 8.780 10.366 10.750 11.794 
0.587 0.970 1.665 1.704 4.149 5.017 8.838 10.140 10.411 11.329 
-999.000 0.504 0.561 0.688 1.527 4.941 4.479 6.021 7.236 9.653 
1.106 0.969 0.606 0.583 1.327 3.117 4.913 5.564 5.355 9.239 
1.567 0.772 0.372 0.397 0.779 3.084 4.978 4.551 3.831 8.894 
1.325 1.157 0.655 0.771 0.799 1.767 3.441 3.851 3.942 7.970 
1.422 0.830 0.581 0.757 1.556 3.188 5.136 5.058 4.403 8.547 
2.531 1.007 0.496 0.617 1.182 2.170 3.595 3.848 2.544 7.612 
1.789 1.243 0.617 0.676 1.609 2.710 2.520 3.743 2.631 7.639 
0.601 0.847 2.113 2.677 6.120 5.543 7.977 10.097 8.173 11.159 
0.629 1.387 2.394 2.692 5.797 6.115 8.175 9.406 8.529 11.314 
0.746 1.598 2.592 2.847 6.752 6.707 8.152 10.079 8.575 11.049 
0.722 1.188 1.982 2.200 5.559 6.014 9.006 10.705 9.889 8.412 
0.868 0.943 2.444 2.960 4.383 6.714 8.182 9.153 10.325 12.475 
0.671 1.470 2.100 2.600 5.326 5.535 8.455 9.676 9.924 9.618 
0.595 0.871 2.038 2.464 5.268 6.300 7.826 8.760 10.164 11.820 
0.755 0.995 1.981 1.887 5.028 6.073 8.125 9.230 9.614 10.898 
0.724 1.176 2.115 2.642 5.210 5.931 9.088 9.606 9.679 11.025 
0.646 0.512 0.535 0.795 2.517 3.390 5.730 8.225 9.333 12.204 
0.906 1.268 0.524 0.592 1.086 2.333 3.768 5.325 5.077 9.761 
0.818 0.951 0.535 0.577 0.937 2.386 4.570 4.675 4.040 9.300 
1.628 0.812 0.414 0.455 0.972 1.951 4.546 4.146 3.151 10.089 
1.613 0.693 0.659 0.891 2.775 3.360 4.238 4.864 3.792 8.139 
1.537 1.027 0.385 0.657 3.119 3.108 3.229 3.825 2.561 9.342 
1.541 1.142 0.752 0.632 2.128 3.016 3.747 5.663 3.556 8.917 
1.680 0.848 0.949 1.194 2.901 3.453 4.482 6.116 4.198 9.567 
0.993 0.948 1.768 1.938 4.018 4.843 5.736 7.622 5.764 7.775 
0.838 1.140 1.981 2.698 5.933 6.024 8.296 10.793 8.192 5.516 
0.956 1.210 2.071 2.034 5.060 6.729 7.106 8.569 8.559 11.052 
1.054 1.887 2.259 2.563 4.960 5.102 6.919 8.838 7.915 4.600 
0.703 0.897 1.748 2.765 4.550 5.772 7.475 9.318 10.342 11.666 
1.440 1.252 0.317 0.649 1.530 2.003 2.894 6.257 4.393 9.736 
1.057 1.158 0.466 0.630 1.602 2.397 3.771 6.371 6.688 10.581 
1.276 1.475 0.411 0.585 1.431 2.724 4.762 5.095 4.638 10.266 
1.585 0.568 0.564 0.871 2.284 4.369 7.004 6.986 6.340 9.787 
1.713 1.045 0.476 0.520 1.159 2.157 4.758 4.592 3.484 9.912 
0.975 0.767 1.411 1.825 3.884 4.751 6.566 8.143 7.135 9.457 
0.946 0.898 1.422 1.429 5.457 5.539 6.714 8.230 6.695 9.577 
1.323 0.886 0.337 0.478 2.064 2.827 4.609 6.544 4.416 9.904 
2.059 0.893 0.754 0.993 2.387 2.248 3.157 4.382 3.070 8.848 
1.545 0.906 0.399 0.683 1.751 2.118 1.965 3.519 1.430 7.111 
-999.000 -999.000 -999.000 -999.000 -999.000 6.676 7.052 6.825 5.262 1.984 
0.984 0.945 0.389 0.701 1.772 3.689 4.817 6.699 7.104 10.813 
1.258 0.813 0.545 0.871 2.577 4.235 6.011 6.866 7.026 10.843 
1.383 0.760 0.827 0.953 2.777 4.578 6.327 6.386 5.902 9.687 
1.151 1.010 0.550 0.505 1.739 2.226 4.333 5.055 2.996 9.934 
-999.000 -999.000 -999.000 -999.000 -999.000 2.642 5.679 5.191 4.237 8.756 
