pred
4.415
4.434
4.450
4.453
4.315
3.311
3.941
4.517
4.334
4.335
4.055
4.319
3.796
3.864
4.307
4.340
3.823
4.057
2.999
4.066
4.059
4.358
4.437
4.714
4.971
4.375
3.899
4.441
2.773
3.285
4.047
4.772
4.542
4.360
4.541
4.676
4.672
4.661
4.529
4.436
4.467
3.899
4.354
4.225
4.291
4.252
4.373
4.280
4.509
4.438
4.566
4.708
4.592
4.577
4.555
4.420
4.320
4.436
4.525
3.929
4.055
4.390
4.651
4.512
4.171
4.500
4.487
4.509
4.593
4.240
4.399
4.457
4.296
4.369
4.327
4.456
4.629
4.451
4.157
3.431
3.857
4.176
4.527
4.543
4.458
4.398
4.329
4.528
4.272
4.002
4.209
4.234
4.143
3.829
4.058
4.204
4.516
4.643
4.485
4.372
4.102
4.170
4.219
4.245
4.512
4.151
4.329
4.461
3.815
4.218
4.409
4.328
4.358
4.354
4.492
3.760
4.175
4.482
4.340
4.640
4.488
4.224
4.414
4.176
4.054
4.251
4.420
4.495
4.355
4.475
4.096
4.340
4.262
4.373
4.492
4.213
4.235
4.279
4.916
4.386
4.576
4.479
4.255
4.028
4.373
4.287
3.926
4.538
4.298
4.599
4.454
4.396
4.386
4.461
4.466
4.446
4.144
4.422
4.371
4.382
4.370
4.325
4.988
4.399
4.334
4.256
4.381
4.335
4.256
4.303
4.087
4.277
4.513
4.469
4.180
4.351
4.223
4.477
4.339
4.001
4.193
4.403
4.183
4.418
4.707
4.504
4.253
4.453
4.064
3.537
3.987
4.404
4.367
4.223
4.578
4.547
4.215
4.323
4.189
4.053
4.251
4.514
4.589
4.377
4.354
4.479
4.346
4.315
4.443
4.405
4.409
4.499
4.440
4.223
4.490
4.122
4.048
4.603
4.378
4.489
4.581
4.404
3.982
4.222
4.436
4.458
4.540
4.445
4.352
4.458
4.190
4.303
4.480
4.506
4.967
4.291
4.621
4.389
4.215
4.101
4.516
4.778
4.495
3.942
4.223
4.250
-999.000
4.480
4.653
4.674
4.734
4.418
4.404
4.453
4.570
4.350
4.543
4.435
4.647
4.235
4.526
4.254
4.068
4.747
4.943
4.890
4.160
-999.000
-999.000
-999.000
4.880
4.409
4.238
4.505
4.460
4.372
4.650
4.677
4.578
4.569
4.629
4.472
3.822
4.226
4.035
4.352
4.984
-999.000
-999.000
-999.000
-999.000
-999.000
4.408
4.420
4.424
4.522
4.470
4.346
4.579
4.654
4.688
4.753
4.595
4.394
3.977
4.404
4.603
4.197
4.521
-999.000
-999.000
-999.000
-999.000
4.385
4.411
4.482
4.470
4.355
4.376
4.191
4.528
4.788
4.812
4.766
4.348
4.403
4.237
4.814
4.668
4.269
4.676
-999.000
-999.000
-999.000
-999.000
4.643
4.396
4.409
4.374
4.488
4.527
4.516
4.533
4.817
4.764
4.621
4.568
4.506
4.377
4.521
4.764
4.665
4.577
4.512
4.549
4.620
4.555
4.786
4.238
4.240
4.486
4.424
4.544
4.713
4.626
4.594
4.543
4.685
4.615
4.674
4.806
4.757
4.369
4.460
4.444
4.245
4.393
4.782
4.373
4.176
4.247
4.699
4.557
4.780
4.616
4.506
4.678
4.444
4.575
4.729
4.660
4.468
4.298
4.529
4.610
4.314
4.494
4.397
4.717
4.453
4.437
4.626
4.686
4.662
4.333
4.395
4.587
4.673
4.516
4.371
4.083
4.855
4.683
4.345
4.384
4.599
4.768
4.584
4.524
4.491
4.580
4.494
4.635
4.766
4.633
4.601
4.575
4.374
4.410
4.373
4.418
4.867
4.362
4.803
4.650
4.645
4.659
4.618
4.291
4.548
4.612
4.636
4.490
4.407
4.638
4.499
4.515
4.165
4.172
4.640
4.784
4.830
4.357
4.417
4.596
4.492
4.454
4.302
4.557
4.455
4.485
4.542
4.596
4.719
4.623
4.515
4.545
4.519
4.558
4.639
4.755
4.678
4.328
4.494
4.465
4.720
4.729
4.660
4.600
4.752
4.845
4.722
4.562
4.633
4.512
4.477
4.613
4.719
4.768
4.689
4.428
4.753
4.682
4.370
4.500
4.832
4.809
4.863
4.851
4.656
4.502
4.472
4.471
4.464
4.635
4.613
4.580
4.578
4.400
4.536
4.541
4.459
4.548
4.867
4.766
4.571
4.471
4.646
4.526
4.559
4.385
4.654
4.852
4.569
4.626
4.674
4.337
4.214
4.503
4.553
4.751
4.712
4.870
4.477
4.548
4.490
4.260
4.500
4.683
4.230
4.175
4.132
4.280
4.296
4.229
4.417
4.733
4.918
5.142
4.531
4.608
4.037
3.790
4.122
4.493
3.269
2.904
4.226
4.241
4.432
4.541
4.779
4.639
4.880
4.971
5.165
4.723
4.125
4.419
3.809
3.361
4.263
3.848
3.405
4.103
4.628
4.904
4.581
4.674
4.776
5.166
4.692
4.316
3.699
2.886
3.810
4.261
3.129
4.289
4.454
4.392
4.688
4.760
4.389
4.522
4.672
4.566
4.607
4.663
5.203
2.769
3.554
4.236
4.270
4.521
4.218
4.459
4.552
4.483
4.447
4.569
4.668
4.751
4.566
5.061
4.571
4.360
4.700
3.797
4.250
4.180
4.619
4.541
4.480
4.444
4.498
4.688
4.853
4.655
4.562
4.642
5.113
4.997
4.366
4.578
4.780
4.345
4.601
4.531
4.530
4.445
3.524
3.290
4.353
4.508
4.462
4.360
4.545
5.033
4.572
4.667
4.632
4.539
4.655
4.716
4.656
4.502
4.648
3.850
4.499
4.884
4.698
4.316
4.300
3.227
4.140
4.115
4.286
4.345
4.296
4.496
4.529
4.694
4.923
4.749
4.658
4.939
4.396
4.430
4.664
5.061
4.404
4.038
3.829
4.283
4.922
4.934
4.592
4.182
4.495
4.128
3.932
4.358
4.203
4.464
4.792
4.417
4.739
4.828
4.736
4.817
5.167
4.411
4.869
4.715
4.694
4.761
4.294
4.207
4.044
4.297
4.896
4.716
4.373
4.616
4.340
4.510
4.567
3.689
4.047
4.356
4.848
4.774
4.906
5.562
5.040
4.582
4.808
4.829
4.397
4.532
4.404
4.296
4.434
4.516
4.736
5.080
4.906
4.526
4.477
4.269
4.269
4.273
4.858
4.708
4.731
4.815
4.949
5.526
5.184
4.940
4.832
5.102
4.479
4.500
4.173
4.052
4.670
4.929
4.699
4.790
5.256
4.666
4.263
4.505
4.701
4.572
4.669
5.092
4.700
4.368
4.790
5.244
5.196
5.057
5.007
4.808
4.456
4.436
4.141
4.270
4.625
5.121
4.754
5.007
5.038
4.422
4.567
4.918
4.789
5.007
5.167
5.354
4.984
4.549
4.700
5.211
5.118
4.846
4.710
4.741
4.445
4.095
3.998
4.599
4.317
4.446
4.615
5.057
4.958
4.734
4.495
4.438
4.553
4.879
5.141
5.022
5.163
5.296
4.950
5.167
4.690
5.178
5.230
4.913
5.131
4.515
4.438
3.974
4.575
4.353
4.199
4.634
4.282
4.452
4.539
4.615
4.361
4.195
4.540
4.791
5.125
4.849
4.886
4.804
4.815
4.855
4.887
5.495
4.895
5.203
4.969
4.968
4.715
4.237
4.145
4.348
4.326
4.466
4.503
4.845
4.531
4.951
4.633
4.644
4.928
5.069
5.028
4.948
4.696
4.488
4.700
4.661
4.936
4.715
4.745
5.013
4.983
4.655
4.214
4.302
4.241
4.144
4.535
4.397
4.764
4.656
5.257
5.029
5.254
4.978
5.129
5.019
4.772
4.539
4.683
4.482
4.303
4.562
4.442
4.426
4.655
4.551
4.716
4.359
4.158
4.161
4.693
4.450
4.978
5.016
5.024
5.325
5.261
4.792
5.291
5.056
5.032
5.309
5.046
4.553
4.424
4.500
4.588
4.729
4.834
5.227
4.558
4.226
4.363
5.059
4.759
5.417
5.158
4.934
4.925
4.421
4.916
5.125
5.024
4.900
4.952
4.743
4.296
4.445
4.671
5.080
4.763
4.759
5.058
4.204
4.312
4.029
4.984
4.786
4.548
4.667
4.752
4.976
4.898
5.036
4.619
4.706
5.105
5.136
4.989
5.283
5.268
4.821
4.751
5.106
4.428
4.122
4.463
4.647
5.023
4.486
4.613
4.861
4.635
4.603
4.889
4.946
4.619
4.640
5.275
5.205
5.161
4.972
4.600
4.710
5.153
4.861
4.629
4.409
4.443
4.440
4.343
5.131
4.696
4.585
4.845
4.585
4.322
4.719
5.205
5.406
5.505
5.353
5.308
5.018
4.744
5.185
5.139
4.967
4.489
4.680
4.702
3.966
3.107
4.640
4.896
4.679
4.211
4.403
4.961
4.978
5.154
5.563
5.420
4.929
5.162
5.169
5.020
5.137
5.211
5.143
3.803
4.104
3.492
3.448
3.394
3.398
5.009
4.609
4.979
4.857
4.752
4.864
5.216
5.464
5.266
4.717
4.599
4.875
4.919
4.930
4.739
4.776
2.796
3.760
3.420
3.436
3.232
3.641
4.390
4.793
5.097
5.123
5.467
5.334
5.291
5.596
4.911
4.975
5.233
5.256
4.400
3.466
3.728
3.035
3.740
4.109
3.616
3.818
3.937
3.718
4.757
5.215
5.234
5.135
5.494
5.524
5.598
5.033
5.610
5.113
4.986
3.917
3.370
3.614
4.082
3.370
3.847
4.152
3.885
3.991
3.440
5.073
4.534
5.233
4.960
5.198
5.657
5.725
5.113
5.322
4.775
4.793
4.935
3.951
4.289
3.926
3.597
3.137
4.495
4.340
3.928
3.249
3.654
4.702
5.155
4.868
4.615
5.230
5.321
5.180
5.257
5.127
4.767
4.520
4.564
3.478
2.968
3.619
3.752
3.953
4.007
3.759
3.629
3.989
3.389
4.936
4.936
4.782
4.428
5.092
4.923
5.160
5.034
4.989
5.146
4.753
4.604
3.584
3.279
3.402
4.010
4.079
3.615
3.687
3.788
3.538
3.130
2.394
5.018
4.957
5.483
5.295
4.408
4.865
5.046
5.049
4.793
5.038
4.311
2.749
3.137
3.947
4.089
4.129
3.957
3.035
3.333
2.391
-999.000
5.199
5.344
5.449
4.697
4.740
5.132
5.439
5.461
4.698
5.309
4.806
3.612
2.906
4.323
3.702
3.691
3.316
3.530
4.156
-999.000
-999.000
-999.000
5.621
4.814
5.294
4.808
5.209
4.971
5.092
5.167
5.278
5.434
5.206
4.819
3.600
4.267
3.625
2.970
3.314
-999.000
-999.000
-999.000
-999.000
4.767
5.002
5.101
5.055
4.681
4.733
4.819
5.301
5.326
5.283
5.173
4.841
3.954
3.864
-999.000
-999.000
-999.000
-999.000
-999.000
-999.000
5.597
4.513
5.191
5.399
5.406
4.842
4.710
4.756
4.710
4.956
5.107
4.917
4.926
5.005
5.240
-999.000
-999.000
-999.000
-999.000
-999.000
-999.000
5.084
4.857
5.433
5.699
5.094
4.881
4.853
4.696
4.990
4.963
4.854
4.758
5.389
5.250
-999.000
-999.000
-999.000
-999.000
-999.000
-999.000
4.884
5.335
4.908
-999.000
5.313
5.027
4.662
5.098
4.866
4.985
5.579
4.774
4.808
5.305
5.068
-999.000
-999.000
-999.000
-999.000
-999.000
4.936
4.624
5.160
4.921
4.814
-999.000
5.150
4.785
4.745
4.927
4.935
5.248
5.265
4.924
5.091
5.030
4.761
5.300
-999.000
-999.000
4.973
5.076
4.789
5.157
5.273
4.899
5.260
5.287
5.630
4.924
4.909
5.133
4.558
4.816
4.907
4.524
5.223
-999.000
-999.000
5.038
5.177
5.163
5.199
5.055
4.605
4.344
5.123
4.850
4.932
4.932
5.257
4.623
4.658
4.954
5.302
5.258
5.487
-999.000
4.458
5.024
5.356
5.012
4.692
4.287
3.783
4.030
4.542
4.856
4.794
5.150
5.508
-999.000
5.187
5.108
5.405
4.882
4.917
5.497
5.300
5.268
5.312
4.332
4.171
4.718
4.893
4.763
5.197
5.008
4.325
4.411
4.324
4.914
-999.000
4.919
4.372
-999.000
5.136
5.207
5.213
5.274
5.400
4.238
4.445
4.407
4.491
4.403
4.852
4.686
4.234
4.475
4.691
4.605
4.681
4.061
4.588
-999.000
-999.000
5.336
4.774
5.307
5.260
4.287
4.708
4.818
4.533
4.187
4.854
4.473
4.093
4.948
4.615
4.745
5.160
3.749
4.044
4.038
5.389
5.367
5.171
5.056
5.050
4.787
4.935
4.842
4.461
4.328
4.978
4.198
4.407
4.619
4.808
5.068
4.744
4.070
4.543
5.101
5.303
4.724
4.899
4.806
3.831
4.772
4.714
4.535
4.207
4.755
4.574
4.370
4.821
5.118
4.651
4.955
5.380
-999.000
4.292
5.022
4.746
5.077
4.881
4.880
4.406
4.385
4.565
4.554
4.533
4.109
4.858
4.974
4.952
4.950
5.165
4.698
4.237
4.696
4.991
4.420
5.136
5.084
4.870
4.290
4.403
4.754
5.107
3.786
4.272
4.903
4.908
4.762
4.652
4.909
4.705
5.290
5.159
4.702
5.237
5.163
-999.000
4.662
3.347
4.318
4.430
4.956
4.806
5.002
5.471
5.140
4.789
4.197
4.798
4.874
5.040
4.691
-999.000
4.986
4.341
4.149
4.692
4.854
5.034
5.139
5.155
5.228
5.143
4.345
5.087
5.376
4.904
5.317
-999.000
4.452
3.964
4.015
4.594
4.821
4.675
4.876
5.443
4.998
4.913
5.087
4.617
4.665
3.896
4.141
4.320
5.123
5.156
4.202
4.822
4.360
5.262
4.978
-999.000
4.708
4.717
4.965
5.228
3.829
