pred
3.830
2.695
2.065
4.599
4.668
4.421
4.492
4.706
4.553
3.465
1.547
1.497
4.865
4.715
4.194
2.436
1.592
0.882
1.446
2.789
2.735
1.457
2.637
4.564
3.172
2.904
1.632
4.997
0.842
1.374
3.045
4.861
4.667
1.484
1.388
2.093
1.642
1.897
4.721
5.000
5.113
3.516
4.076
1.512
0.987
2.117
4.913
5.384
3.438
1.530
1.745
1.733
1.910
4.550
5.080
4.817
2.247
2.977
2.882
2.281
1.713
2.032
2.191
3.463
5.193
3.462
1.480
1.556
1.904
4.694
4.957
5.062
3.364
1.294
4.605
3.844
2.488
2.396
1.837
2.020
2.660
1.985
2.366
3.775
2.866
3.605
2.683
1.392
4.993
4.917
4.344
1.437
1.356
3.385
4.250
4.820
4.840
2.431
3.238
2.867
4.268
4.837
2.450
1.640
2.774
4.815
4.628
2.093
1.569
2.806
4.552
4.963
2.886
4.167
4.470
4.298
4.661
4.859
4.506
4.630
3.729
4.117
4.609
4.529
3.887
3.039
4.086
4.753
4.467
4.183
1.355
2.303
4.467
4.865
4.970
4.780
4.802
4.635
4.495
4.508
4.869
4.398
4.940
4.956
4.698
4.558
4.587
4.456
4.458
4.313
4.149
4.841
4.789
4.915
4.282
4.779
4.975
4.914
4.874
4.959
4.669
4.410
4.203
4.516
3.315
4.450
4.800
5.041
5.012
4.130
3.667
4.411
4.746
4.665
4.433
4.458
4.328
4.937
4.968
5.100
5.106
5.018
4.720
4.756
4.700
4.705
4.267
3.285
3.628
4.902
4.968
4.976
5.127
4.255
4.292
5.004
4.281
4.598
4.915
4.562
4.753
5.099
5.156
5.282
4.888
4.937
4.959
4.831
4.975
4.905
4.526
4.468
3.825
4.955
4.887
4.917
4.937
4.841
4.926
4.688
5.055
5.113
4.744
4.641
5.083
4.872
5.247
4.978
4.548
4.829
4.878
5.074
4.681
4.550
4.623
4.401
4.869
4.915
4.933
4.793
4.998
4.299
4.975
4.651
5.076
4.877
4.938
4.961
5.103
5.124
5.022
4.982
4.995
4.610
4.640
4.910
4.614
4.838
4.190
4.812
4.295
4.629
4.073
4.256
4.364
4.228
5.008
5.342
4.489
4.379
5.154
4.695
5.074
4.997
4.886
5.082
4.909
4.683
4.803
4.856
4.626
3.503
3.680
4.552
3.769
2.948
4.237
3.712
4.529
4.977
4.805
5.126
5.026
4.912
5.049
4.638
4.946
4.842
4.884
4.669
4.909
4.877
4.760
4.853
4.235
4.096
4.633
4.311
4.235
4.700
4.999
5.015
5.292
4.912
4.626
4.671
4.568
4.793
4.792
4.981
5.122
4.892
4.883
4.996
5.118
4.751
4.090
3.224
4.528
4.618
4.762
4.791
4.903
4.931
4.295
4.921
5.057
4.454
4.492
4.989
4.892
4.865
4.896
5.034
5.006
4.937
4.936
4.634
3.882
4.681
4.557
4.799
4.787
3.965
5.070
4.836
4.777
4.867
4.841
5.015
4.765
4.709
5.013
5.165
5.233
5.051
4.721
4.855
4.707
4.792
4.873
4.562
4.323
4.921
5.064
3.750
3.414
4.978
4.809
4.654
5.065
4.973
4.506
5.074
5.209
4.799
4.938
4.937
4.879
4.967
5.123
4.745
4.377
4.612
4.355
4.447
4.984
5.221
4.755
4.504
5.050
5.336
5.294
5.025
4.608
4.899
4.788
4.901
4.774
3.725
4.642
3.341
3.983
3.452
3.480
4.713
5.005
5.153
5.038
4.310
4.659
4.935
4.858
4.887
4.800
4.831
4.963
4.928
4.415
4.921
5.184
4.539
3.499
3.139
4.380
5.206
4.883
4.926
4.718
4.976
4.625
4.516
4.882
4.942
4.806
4.976
5.064
4.914
4.880
4.864
5.054
5.027
0.851
2.391
3.401
1.545
4.436
4.092
3.111
4.457
4.573
4.920
4.989
5.132
5.176
5.135
4.892
4.733
4.611
5.067
4.939
4.655
0.543
1.151
0.528
1.538
0.542
1.186
4.434
5.012
4.801
5.244
5.336
5.190
4.826
4.776
4.767
4.691
4.751
5.044
5.054
1.312
0.678
0.809
1.268
1.199
2.158
5.177
4.652
5.106
5.348
5.131
4.171
4.785
5.050
4.795
4.717
4.774
4.593
4.306
1.247
1.338
1.251
1.366
1.073
3.555
4.615
4.954
5.118
5.225
5.023
4.836
5.161
4.658
4.581
4.892
3.689
3.455
1.485
1.686
3.358
4.489
4.602
4.463
2.256
3.447
4.837
5.004
5.009
4.962
4.878
4.380
4.480
3.827
4.067
4.529
2.695
4.988
4.804
4.684
2.781
1.679
1.561
1.542
4.172
3.883
3.205
4.849
4.841
4.821
4.544
4.653
4.767
5.058
4.774
4.407
4.759
2.846
1.819
1.818
1.863
1.409
1.812
1.467
1.890
4.904
4.810
4.835
4.069
4.244
4.852
5.072
5.102
1.811
1.185
1.584
1.376
1.862
3.433
4.842
3.212
4.543
4.832
4.616
4.682
4.971
4.699
3.970
4.895
3.490
1.215
1.332
1.256
2.986
4.949
5.246
5.218
4.903
4.533
4.780
4.892
4.973
5.105
4.923
3.637
1.981
3.971
3.595
1.049
1.203
3.535
4.879
5.066
4.936
4.761
4.984
4.828
4.936
5.054
4.945
4.886
4.982
4.838
2.017
2.055
1.654
2.701
2.275
4.588
4.973
2.613
1.063
1.056
4.215
4.620
5.036
5.037
5.032
4.974
4.976
5.017
4.872
4.773
4.532
5.123
3.909
2.701
2.580
3.071
3.953
4.677
4.684
4.834
4.355
1.180
3.679
4.683
4.698
4.912
4.756
4.771
5.042
4.367
5.104
4.810
5.076
5.432
4.727
4.675
3.704
4.249
4.567
3.747
4.080
4.140
4.424
4.723
5.125
3.025
2.152
4.772
4.709
4.642
5.085
4.900
2.284
4.139
4.715
4.950
5.171
5.095
5.004
4.721
4.748
4.472
4.808
4.899
3.485
4.174
4.363
3.669
3.338
3.643
2.112
1.111
5.176
5.103
5.282
2.797
3.923
4.052
4.671
4.276
4.990
5.400
5.079
5.017
4.877
4.860
4.933
3.865
4.100
3.260
4.348
3.089
4.644
4.103
3.320
4.934
4.989
5.013
4.794
4.032
5.060
4.437
5.049
5.006
5.220
5.382
5.223
5.051
5.207
5.187
5.170
4.697
3.515
3.763
3.627
3.841
4.756
5.299
5.439
4.969
4.990
4.940
5.063
5.189
5.361
5.450
5.209
4.800
4.942
5.357
5.150
4.949
5.026
4.938
4.740
5.555
3.679
3.054
3.251
4.195
4.948
4.778
4.941
5.042
4.889
5.068
5.095
5.162
5.522
5.755
5.309
4.939
4.821
4.987
5.089
5.054
5.117
5.216
5.085
5.289
5.298
3.576
3.977
3.748
4.781
5.029
5.097
4.861
4.859
5.105
5.009
4.921
5.208
5.271
5.544
5.506
4.961
5.020
4.355
5.142
5.270
4.926
5.418
4.987
5.098
4.677
4.337
2.981
3.237
3.983
4.408
4.680
4.682
4.667
4.898
3.844
3.946
5.118
5.451
5.365
5.358
5.152
4.950
3.856
4.987
5.413
5.498
5.408
4.723
4.889
4.752
4.843
3.436
4.182
3.682
3.681
4.917
4.723
4.890
4.334
4.435
4.306
5.158
5.354
4.882
5.283
5.145
4.979
5.269
4.540
5.459
5.106
4.319
3.930
4.543
5.288
5.256
4.978
4.615
4.167
4.048
4.698
4.443
4.848
3.680
4.957
5.240
5.032
5.038
4.895
5.128
5.132
4.997
4.647
3.534
4.129
5.088
4.749
3.604
4.780
5.360
5.308
5.323
4.441
4.256
4.758
4.740
3.977
4.298
5.120
5.401
5.268
5.287
5.094
5.438
5.655
4.772
3.777
3.609
4.244
4.891
4.979
5.095
5.481
4.910
5.127
4.720
4.947
4.790
4.744
4.302
4.895
5.304
5.110
5.365
5.342
5.264
5.517
5.339
4.394
4.554
4.904
5.438
5.494
5.159
5.170
5.178
4.592
4.821
5.010
3.833
4.947
4.921
4.751
4.403
5.018
5.389
5.643
5.324
4.970
5.196
5.656
5.342
5.426
5.513
5.306
5.349
5.649
4.741
3.669
3.717
3.985
1.251
2.641
3.967
5.040
4.953
4.944
3.694
5.425
5.414
5.006
5.316
4.989
4.947
5.271
5.016
5.174
5.275
5.304
5.248
4.730
4.165
5.203
5.181
1.764
3.278
4.050
5.191
4.746
4.881
5.285
5.243
5.397
5.400
5.372
5.516
5.355
4.831
5.311
4.419
5.531
5.375
5.398
5.013
4.006
3.147
3.897
4.143
4.454
4.800
5.470
4.476
4.713
5.509
5.528
5.476
5.621
5.600
5.289
4.921
1.685
1.597
3.439
2.883
3.341
3.011
2.745
2.679
2.880
4.204
2.959
4.795
5.684
5.609
5.276
5.291
5.677
5.701
5.428
5.277
5.111
2.136
1.419
1.971
2.469
1.627
1.045
1.552
1.754
3.513
3.038
2.161
3.821
5.403
5.622
5.095
5.406
5.210
5.282
5.678
5.333
5.064
3.476
1.476
1.506
1.694
1.156
1.339
1.736
1.531
2.043
1.815
1.514
2.566
4.318
5.378
5.402
5.474
5.330
5.037
5.234
5.425
5.369
5.063
2.099
1.371
1.925
1.461
1.360
1.167
0.921
0.981
1.126
4.674
3.847
5.149
5.364
5.646
5.330
4.974
5.108
5.181
5.325
5.494
5.192
4.127
1.293
1.968
1.289
1.122
1.682
0.573
1.149
1.422
1.937
1.194
5.636
5.545
5.912
5.549
5.811
5.066
5.408
5.291
5.481
5.416
5.234
3.166
1.528
1.180
1.765
1.450
1.207
1.456
1.487
1.505
3.482
4.125
5.853
5.877
5.776
5.468
5.256
4.855
4.949
5.414
5.366
5.550
5.278
5.059
1.887
1.290
1.375
1.449
1.410
1.078
1.684
2.924
2.222
1.451
1.291
5.474
5.134
5.389
5.173
5.196
5.364
5.163
5.314
4.933
5.400
3.787
1.689
1.500
1.745
1.453
1.670
1.829
1.077
1.172
1.956
3.624
4.685
4.961
5.245
5.007
5.234
5.375
5.540
4.943
5.632
5.900
5.452
2.522
1.722
1.843
2.155
1.813
1.302
0.649
2.462
3.085
3.709
4.346
5.099
5.034
5.227
5.295
5.558
5.463
5.530
5.136
5.673
5.972
5.647
4.814
2.664
4.535
2.284
1.607
3.376
3.818
2.786
3.339
3.781
3.884
5.023
5.275
5.282
4.965
4.967
5.326
5.512
5.276
5.546
5.446
4.962
4.992
2.208
3.607
4.203
4.043
4.382
2.760
2.724
4.448
5.191
5.655
5.324
5.206
4.614
5.310
5.231
5.510
5.410
4.976
5.551
5.158
3.814
5.261
3.362
4.071
3.420
3.774
3.473
1.848
5.428
5.398
4.011
5.357
5.304
5.160
5.194
5.053
5.138
5.107
4.888
5.350
5.597
5.321
5.037
3.962
4.015
2.788
2.303
4.129
5.306
5.583
5.495
6.080
4.417
4.971
5.140
5.078
5.013
5.233
5.365
5.030
5.438
5.383
5.618
5.686
5.339
3.414
3.429
3.912
4.582
5.145
5.359
5.466
1.153
5.037
4.391
4.687
5.187
4.111
5.265
5.376
5.299
5.103
5.469
5.029
5.627
5.518
2.999
3.578
4.122
4.996
5.424
5.347
5.211
4.122
1.583
3.027
4.687
4.994
5.321
5.363
4.881
5.643
5.288
5.373
5.226
4.755
4.978
4.586
4.703
4.114
4.315
5.003
5.140
4.867
3.496
4.794
4.817
4.755
5.043
5.356
5.238
5.071
5.102
5.157
5.479
4.861
4.819
4.369
4.509
4.635
4.720
2.437
2.800
3.604
1.883
2.283
5.293
5.217
5.511
5.275
5.283
5.321
4.767
5.064
4.339
4.341
3.846
4.410
4.504
4.170
4.093
3.600
3.797
4.159
5.153
5.234
4.649
4.844
5.379
4.659
4.360
4.847
3.873
3.711
4.328
3.442
3.602
3.734
5.202
4.884
4.960
3.702
4.557
4.042
5.333
4.962
4.680
4.559
4.746
4.925
4.362
3.638
1.237
4.688
4.531
5.048
5.050
5.089
5.327
4.175
4.288
3.413
3.749
3.939
5.000
5.061
5.076
4.881
5.011
5.277
3.270
1.872
2.531
2.488
2.982
4.966
5.232
4.008
2.591
3.037
4.916
4.441
3.562
4.127
4.947
4.761
4.881
4.117
5.290
5.456
3.726
2.169
1.198
0.772
2.813
4.211
4.873
4.942
5.054
3.950
4.260
2.419
2.303
5.055
5.115
4.140
4.803
5.626
5.455
4.325
2.182
0.987
0.353
2.832
4.916
5.034
4.628
5.099
4.111
1.810
3.391
4.425
4.287
1.915
3.999
4.244
4.855
3.602
1.872
0.982
2.796
4.825
2.970
4.394
4.743
5.072
4.236
3.028
2.330
1.654
1.021
1.094
1.005
2.226
4.373
2.505
1.848
1.990
1.698
1.855
4.515
4.848
5.114
4.804
5.475
4.192
0.970
1.157
1.345
2.361
2.274
2.499
4.638
3.043
3.385
5.042
5.043
5.158
5.324
5.256
5.373
3.458
1.294
1.318
1.727
2.341
2.632
2.568
4.815
4.510
4.593
4.580
4.623
4.694
5.110
5.208
5.090
4.492
1.633
2.963
2.085
1.860
0.967
2.751
2.194
3.736
3.660
4.645
3.702
4.687
2.148
2.262
2.324
3.833
2.849
4.530
3.827
3.949
2.009
1.048
5.572
3.395
4.090
3.895
3.618
4.025
