pred
2.704
2.522
2.396
4.336
4.943
4.318
4.275
4.704
4.731
3.305
0.885
1.506
4.417
4.609
4.062
2.478
1.430
0.555
0.697
2.297
2.196
1.278
2.481
4.910
3.195
2.672
1.563
4.547
0.719
0.975
2.577
4.850
4.343
1.015
1.124
2.482
2.222
1.903
4.603
4.958
4.850
3.113
3.313
1.294
0.990
1.859
4.186
4.284
2.549
1.182
1.898
2.113
2.177
4.518
5.213
4.854
0.900
3.256
2.821
2.052
1.343
1.165
1.254
2.555
4.089
2.836
1.359
1.634
2.563
4.884
5.105
5.157
3.374
0.808
4.299
4.083
3.413
2.442
1.241
1.531
1.646
1.457
1.591
2.939
2.453
3.264
2.746
1.892
5.185
4.908
3.941
1.176
1.310
3.619
3.611
4.330
4.562
2.929
2.753
2.351
3.453
3.883
1.478
1.154
2.187
3.962
4.039
2.194
1.875
3.098
4.699
4.522
2.712
4.253
4.469
4.031
4.448
4.574
4.372
4.227
3.271
2.940
3.420
3.911
3.212
2.220
3.859
4.671
4.090
3.733
1.511
2.564
4.688
4.936
4.383
4.453
4.857
4.114
3.876
4.235
4.978
4.408
4.694
4.680
4.243
4.052
3.822
3.845
3.854
3.245
3.867
4.417
4.339
4.189
3.949
4.962
5.086
5.066
4.503
4.121
4.517
4.246
3.327
4.242
3.706
4.578
4.685
4.666
4.442
3.666
2.905
3.308
3.511
3.534
3.693
3.919
3.664
3.848
3.458
4.716
5.113
5.245
4.732
4.189
4.431
4.711
4.018
3.634
3.831
5.096
4.984
4.846
4.865
3.415
3.266
4.456
3.265
3.078
3.700
3.614
4.196
4.762
4.022
4.459
4.825
5.115
5.082
4.513
4.220
4.385
4.100
4.196
4.026
4.863
4.810
4.957
4.756
4.697
4.533
3.799
3.384
3.591
3.630
4.018
4.560
3.819
3.999
4.647
4.663
5.092
5.123
4.745
4.296
4.200
4.827
3.950
4.703
4.974
4.884
4.503
3.894
3.662
3.840
3.719
4.082
4.496
4.674
4.314
4.313
4.396
4.788
5.282
5.179
4.877
4.631
4.913
4.877
4.733
3.508
4.590
4.467
4.792
4.444
3.838
4.277
4.212
3.795
3.831
3.367
3.810
4.318
4.140
4.253
4.558
4.741
5.174
5.012
4.828
4.911
5.007
4.929
3.561
4.352
4.775
4.288
3.055
3.905
2.679
3.139
3.291
3.105
3.827
4.248
4.108
4.090
4.258
5.016
5.084
5.165
4.930
4.576
5.044
4.827
4.218
4.599
4.453
4.828
4.338
3.662
4.018
4.032
3.560
3.843
3.551
4.136
4.064
4.235
4.616
4.740
5.052
5.245
5.145
4.772
4.630
5.289
4.666
3.994
4.415
4.704
4.967
4.846
4.420
4.229
3.868
3.409
3.409
4.211
4.292
4.343
4.888
4.896
4.706
5.183
5.200
5.155
4.843
4.838
4.733
4.465
4.710
4.623
4.969
4.800
4.208
4.346
4.082
4.213
4.070
4.468
4.512
4.434
4.521
4.435
5.252
5.465
5.208
4.952
5.038
4.820
4.288
4.808
4.328
4.633
5.010
4.522
3.739
3.864
4.970
4.492
3.851
4.252
4.206
3.890
4.412
4.669
4.842
5.105
5.215
5.065
4.357
4.708
4.756
4.656
4.673
3.963
4.221
4.997
4.935
4.408
4.412
4.105
4.367
4.404
4.699
4.920
5.237
4.948
4.307
4.631
4.787
5.069
3.894
3.775
3.044
3.718
4.895
5.050
4.902
4.074
3.883
3.163
3.668
3.962
4.455
5.271
5.056
5.119
5.230
5.020
4.825
4.795
4.437
3.521
3.298
4.611
5.051
4.760
5.097
4.236
3.438
3.617
3.973
3.966
4.113
4.875
5.034
5.244
5.213
5.113
4.483
4.399
4.590
1.481
2.348
3.207
1.578
4.634
4.041
2.440
4.131
4.012
3.641
3.833
4.376
4.868
5.461
4.996
4.990
4.669
4.266
4.250
4.558
0.966
1.411
0.747
1.299
1.079
1.254
3.331
3.849
3.465
4.130
4.367
4.717
5.174
5.269
5.039
5.099
4.382
4.411
4.394
1.342
0.879
1.062
1.621
1.731
1.869
4.014
3.538
4.065
4.127
4.434
5.125
5.343
5.242
5.246
5.075
4.923
4.781
4.428
1.234
1.894
1.639
1.973
1.531
3.048
3.877
3.714
3.989
4.215
4.487
4.766
5.342
5.244
5.211
5.103
3.647
3.136
1.850
2.435
3.548
4.707
4.215
3.248
1.907
2.498
3.725
4.391
5.035
5.116
5.021
5.181
4.942
3.724
3.824
4.174
2.595
5.147
4.939
4.864
3.054
1.269
1.484
1.510
3.150
3.187
2.994
4.976
4.994
5.174
5.028
4.562
4.616
4.537
4.399
4.613
4.873
2.963
2.662
2.110
1.415
1.356
1.321
1.382
2.184
4.809
5.019
5.125
3.012
3.633
4.895
4.900
5.123
1.903
1.891
2.176
2.287
1.798
2.795
3.909
2.520
4.128
4.767
5.030
4.844
5.021
5.034
3.768
4.233
1.600
1.188
1.952
1.932
3.575
4.703
3.792
4.323
4.051
4.166
4.341
4.272
4.937
5.234
5.192
2.674
1.437
4.214
4.048
1.768
2.087
4.039
4.821
4.313
3.959
4.658
4.492
4.432
4.399
4.924
5.029
5.068
4.828
4.593
1.887
1.307
0.939
3.706
2.823
4.837
5.112
2.830
1.943
1.154
3.969
4.506
4.004
4.233
4.295
4.615
4.553
4.657
5.082
5.188
4.395
5.191
3.404
2.451
2.134
3.249
3.983
4.520
4.650
4.948
4.353
1.428
3.870
4.652
4.674
4.632
3.646
4.052
4.361
4.043
4.911
5.072
4.794
5.241
4.989
4.770
3.512
4.397
3.969
3.392
3.875
3.965
4.266
4.633
5.103
2.820
1.692
4.569
4.085
4.068
5.230
3.902
1.629
4.015
3.762
4.282
5.179
5.281
5.006
4.959
5.016
4.320
4.514
4.442
3.458
4.083
4.512
3.215
3.495
3.957
3.093
0.591
4.908
5.087
5.001
2.785
2.843
3.352
3.921
4.084
5.073
5.270
5.125
5.201
5.006
4.551
4.512
3.831
3.709
2.967
4.217
3.849
4.623
4.011
2.723
5.109
5.082
5.073
3.817
2.805
3.667
3.510
3.927
4.234
4.861
5.110
5.268
5.199
5.410
4.820
4.683
4.171
3.065
3.403
3.738
3.482
4.490
5.159
5.250
5.036
5.077
5.030
4.882
3.598
4.054
4.079
3.984
3.950
4.403
4.807
5.203
5.233
5.364
4.995
4.537
4.401
3.790
2.974
3.214
3.879
4.512
4.851
4.862
4.986
4.963
4.632
4.966
4.354
4.085
4.204
3.707
3.896
4.267
4.605
5.267
4.985
4.568
4.866
4.650
4.683
4.694
3.710
3.716
3.823
4.503
4.486
4.834
4.862
4.959
5.170
4.724
4.899
5.259
4.038
3.923
4.238
3.600
4.424
3.663
4.849
4.517
4.387
4.780
4.160
4.232
3.879
3.017
3.186
3.417
3.965
4.365
4.602
4.525
4.759
4.960
4.570
4.936
5.445
5.206
4.099
3.918
3.901
3.864
2.971
4.035
4.136
5.055
5.031
2.127
3.776
2.213
1.750
3.805
3.710
3.656
3.315
4.733
4.634
4.611
4.358
4.790
4.912
5.189
5.357
4.581
4.311
4.762
4.000
4.534
4.058
5.082
4.625
4.272
2.616
2.924
4.682
4.410
4.797
4.286
3.944
3.843
4.890
4.869
4.347
3.295
4.820
5.377
4.899
5.097
4.796
4.858
5.018
4.951
3.716
2.546
3.478
4.764
4.331
2.603
4.559
5.094
4.978
4.074
4.490
4.461
4.830
4.734
3.748
4.141
5.185
4.971
4.704
4.714
4.887
5.018
4.813
4.028
2.939
2.554
3.395
4.657
5.038
4.932
4.944
4.771
4.592
4.086
4.760
4.686
3.962
3.886
4.726
4.948
4.604
4.731
4.544
4.531
4.935
4.763
3.653
4.092
4.580
4.950
5.103
5.014
4.283
4.649
4.264
4.022
4.297
3.988
4.891
4.755
4.028
4.349
4.421
4.782
4.995
4.716
4.586
4.446
4.923
4.972
4.596
4.849
5.026
5.005
4.598
4.156
4.102
4.006
4.492
2.558
3.082
3.814
4.822
4.482
4.082
3.480
4.420
4.837
4.065
4.278
4.232
4.504
4.865
4.876
4.761
4.743
4.843
4.957
4.759
4.639
4.778
4.423
1.450
3.174
4.070
4.665
4.499
4.486
4.612
4.248
4.665
4.518
4.555
4.740
4.677
4.925
4.402
3.673
4.918
4.865
4.883
4.727
4.209
3.190
3.765
3.518
3.898
4.347
4.965
4.445
4.674
4.810
4.820
4.583
4.951
4.792
4.595
4.613
1.741
2.089
3.160
3.183
3.591
3.079
2.477
2.913
2.348
3.735
3.596
2.975
5.067
4.988
4.817
4.742
4.814
4.306
4.832
4.735
4.723
2.057
1.322
1.762
2.769
2.207
1.490
2.167
1.389
3.459
2.761
1.631
3.394
4.764
4.873
4.831
4.706
4.568
4.763
5.279
5.108
4.703
3.105
1.791
1.794
2.234
1.747
1.261
1.443
1.712
1.777
2.074
2.027
1.824
4.857
5.173
4.956
4.705
4.748
4.478
4.812
4.955
5.133
4.785
1.891
1.027
1.854
2.385
1.044
1.203
1.235
0.888
1.421
4.173
3.065
4.459
5.337
5.183
4.464
4.194
4.155
4.759
5.021
5.091
4.920
3.441
1.207
1.549
1.998
2.120
1.892
1.049
1.578
1.107
1.477
1.515
4.551
4.865
5.019
5.012
4.974
4.900
4.780
4.930
5.200
4.750
4.481
2.621
2.187
1.875
2.214
2.010
1.407
1.653
1.241
1.568
3.259
3.271
4.628
4.743
4.583
4.652
5.101
4.873
4.635
4.873
5.143
4.983
4.807
4.700
1.900
1.299
1.773
2.246
2.079
1.392
1.522
2.770
2.550
1.175
0.491
4.585
3.959
4.689
4.564
4.961
4.713
4.982
5.123
4.733
4.815
3.373
2.399
1.929
2.549
2.407
2.007
2.624
1.101
0.940
1.800
3.235
3.922
4.608
4.797
4.345
4.736
4.906
4.705
4.739
4.669
4.546
5.050
2.590
2.167
2.060
2.663
2.261
1.550
0.680
2.077
2.799
2.456
2.567
5.046
4.813
5.171
4.450
4.982
4.563
4.545
4.238
3.934
4.072
4.524
4.233
2.616
3.909
1.506
2.484
2.970
3.213
2.683
2.017
2.905
2.560
4.842
4.615
4.698
4.745
4.827
4.735
4.669
4.599
5.014
4.529
3.379
3.870
2.128
3.335
3.488
2.761
3.211
2.231
2.384
3.122
4.827
5.032
4.320
4.795
4.960
4.966
4.901
4.892
4.720
4.727
4.301
4.577
3.123
4.499
3.638
3.492
3.073
3.335
2.591
1.774
4.425
4.729
3.446
5.035
4.669
5.036
4.988
4.744
4.422
4.493
4.624
4.872
4.029
4.185
3.727
2.321
3.635
3.238
2.424
3.850
4.704
4.861
4.766
4.567
4.143
4.718
4.870
4.930
4.859
4.224
4.615
4.595
4.788
4.500
4.386
4.279
5.054
3.821
3.523
3.420
4.001
4.987
5.009
5.039
0.762
4.322
4.610
4.501
4.672
3.682
4.055
4.502
4.576
4.340
4.454
3.930
4.601
4.977
2.971
3.037
3.937
4.988
4.940
4.891
4.741
3.455
0.545
3.440
3.621
4.324
4.620
4.286
4.005
4.837
4.463
4.559
4.242
3.650
3.621
4.211
4.239
3.276
3.608
3.966
4.331
4.508
3.344
4.413
4.205
3.953
4.519
4.449
3.954
4.036
3.783
3.864
4.596
4.553
4.383
3.816
3.649
3.974
4.634
2.014
3.014
3.540
2.067
1.886
4.514
3.669
3.845
4.254
4.838
4.991
4.429
4.628
3.939
3.478
3.361
3.664
4.149
3.967
3.308
2.623
3.053
3.025
4.319
4.068
3.304
4.433
4.728
3.970
3.512
4.130
2.645
3.196
3.878
4.074
4.216
3.945
4.766
4.356
4.290
3.181
4.153
3.147
4.006
3.232
3.831
4.496
4.532
4.867
3.996
2.782
1.481
3.971
4.037
5.018
5.123
4.886
4.522
3.660
3.603
3.367
2.762
3.292
3.346
3.872
4.245
4.416
4.519
4.226
1.885
1.224
2.264
2.065
2.795
4.890
4.953
3.563
2.609
4.114
4.551
3.790
2.249
2.741
3.523
3.521
3.978
4.735
4.619
4.928
3.507
1.405
0.724
0.640
2.710
3.791
4.382
4.407
3.898
3.314
3.321
1.858
1.055
3.451
3.417
3.297
4.827
5.249
5.282
4.488
2.774
0.681
0.381
2.865
4.943
4.743
4.188
4.575
2.568
1.261
2.401
3.160
2.959
1.929
3.339
4.444
5.002
3.297
1.421
0.624
2.762
4.433
2.592
5.114
5.098
5.097
4.432
2.542
2.344
1.368
0.677
1.086
1.101
2.349
4.455
2.445
0.866
2.439
1.729
1.760
4.687
4.929
5.142
4.757
4.739
3.351
0.686
1.259
1.693
2.025
1.317
1.295
4.317
3.767
3.284
5.013
4.929
4.880
4.580
4.577
4.857
2.249
1.045
0.732
1.286
1.746
1.507
1.392
4.825
4.615
4.492
5.057
4.458
4.079
4.460
4.621
4.596
3.294
0.988
1.687
1.510
1.772
0.986
1.840
1.916
3.796
4.695
4.184
3.495
4.367
0.648
1.246
1.018
2.282
1.538
4.075
3.695
1.824
0.885
0.406
4.708
2.203
2.556
2.931
1.742
2.653
