pred
3.571
2.910
2.901
3.697
3.599
2.462
2.693
3.821
3.296
2.941
1.528
2.652
2.603
2.945
2.991
2.875
2.278
2.033
0.952
1.755
1.804
2.228
3.182
3.980
3.845
2.937
2.069
2.924
1.567
1.589
2.550
4.144
2.912
2.613
3.068
3.621
3.688
3.619
3.399
3.539
3.889
2.989
3.213
2.078
2.435
3.192
3.293
2.749
3.059
2.949
3.453
3.739
3.721
3.895
4.130
3.984
4.023
3.086
3.355
1.768
2.208
2.668
3.573
3.277
3.010
3.177
3.046
3.172
3.445
3.393
3.896
3.976
3.658
3.313
2.656
3.135
3.659
3.790
2.515
1.672
2.127
2.417
3.336
3.610
3.869
3.652
3.250
3.086
3.487
2.899
2.837
3.021
3.063
2.576
2.354
2.533
3.496
4.030
3.905
3.589
2.553
3.278
2.650
2.750
3.289
3.018
3.068
2.981
2.086
2.782
3.194
3.416
3.142
3.414
3.519
2.100
2.345
3.030
2.927
4.029
3.971
3.426
3.538
3.145
2.508
3.005
2.881
3.438
3.588
3.885
2.446
3.223
3.348
3.738
3.624
2.746
2.856
2.949
3.764
3.351
3.639
3.300
2.706
3.102
3.369
3.434
2.063
3.706
3.253
3.472
3.326
3.531
3.724
3.713
3.035
3.165
2.466
3.700
3.433
3.107
3.349
3.247
3.853
3.287
3.142
2.627
3.266
3.552
3.452
2.891
2.387
3.068
3.721
3.588
2.686
3.128
2.847
3.228
2.826
2.464
2.995
3.365
2.937
3.224
4.092
3.941
2.977
3.397
2.517
2.119
2.870
3.779
3.743
3.351
3.370
3.817
3.050
3.428
3.109
2.415
2.806
3.959
4.229
3.587
3.183
3.416
3.141
2.853
3.110
3.502
3.617
3.932
3.390
2.836
3.421
3.165
2.851
3.888
3.833
3.733
4.209
3.973
2.278
2.738
3.334
3.797
3.666
3.865
3.200
3.726
2.706
3.006
3.610
3.660
3.973
2.958
3.357
3.278
2.845
3.252
4.049
4.408
3.890
2.528
2.383
2.446
-999.000
4.025
4.102
4.004
4.352
4.041
3.689
3.668
3.902
3.968
4.161
3.466
3.824
2.791
3.510
3.230
2.652
4.139
4.647
4.324
2.445
-999.000
-999.000
-999.000
4.620
3.652
2.781
3.878
3.981
3.689
4.189
4.589
4.211
4.160
4.690
3.164
2.506
2.825
2.686
3.450
4.579
-999.000
-999.000
-999.000
-999.000
-999.000
3.307
3.076
3.273
3.877
3.990
3.725
4.184
4.557
4.667
4.731
4.365
3.967
2.286
2.934
3.835
2.781
2.876
-999.000
-999.000
-999.000
-999.000
2.637
2.976
3.399
3.666
3.707
3.924
3.555
4.318
4.845
4.995
4.703
3.769
3.530
3.830
3.424
3.384
2.598
3.658
-999.000
-999.000
-999.000
-999.000
3.842
3.728
3.681
3.604
4.224
4.307
4.158
3.989
4.749
4.930
4.468
3.850
4.132
3.772
3.172
3.759
3.932
3.804
3.238
3.215
3.348
2.959
4.231
3.151
3.489
4.081
3.886
4.282
4.650
4.307
4.022
4.175
4.283
4.102
4.477
4.578
3.751
3.279
3.545
3.302
2.698
3.033
4.220
3.442
2.944
3.139
4.139
4.224
4.767
4.317
3.792
4.019
3.841
4.405
4.605
4.328
3.649
3.092
3.555
3.343
3.631
3.881
4.063
3.896
3.908
3.835
4.456
4.639
4.292
3.876
3.797
4.405
4.345
3.549
3.340
2.269
4.085
3.594
3.506
3.727
4.003
4.452
4.070
4.113
4.182
4.141
4.070
4.502
4.720
4.380
4.177
3.905
3.034
3.238
2.555
3.136
4.047
3.521
3.723
4.077
4.455
4.324
4.397
3.520
3.923
4.220
4.381
3.923
3.377
4.041
3.909
3.656
2.747
3.066
3.799
4.086
4.321
3.358
3.158
4.112
4.080
3.622
3.251
4.086
4.252
4.047
3.662
4.070
4.651
4.206
4.161
4.041
4.184
3.883
3.510
4.095
4.273
2.906
3.585
3.561
4.091
4.345
4.272
4.186
4.575
4.553
4.848
4.557
4.536
4.267
3.815
4.309
4.656
4.105
3.986
3.601
3.630
3.877
3.296
3.922
4.585
4.821
4.674
4.603
4.295
4.164
4.016
3.611
3.833
4.304
4.323
4.128
3.810
3.542
3.673
3.362
3.878
4.006
4.813
4.553
4.258
4.188
4.156
4.183
4.135
3.695
4.075
4.166
4.171
4.278
3.974
3.036
3.037
3.533
3.817
4.007
4.454
4.759
3.610
4.080
3.981
3.349
4.018
3.913
2.931
2.901
2.891
3.094
3.385
3.127
3.430
3.660
4.440
4.800
3.922
3.087
2.485
2.579
3.262
3.573
2.187
1.744
3.168
3.457
3.615
3.728
3.892
3.991
4.516
4.812
4.532
4.112
3.382
2.756
2.509
2.322
3.568
2.783
1.967
3.060
4.080
4.445
3.069
3.655
3.748
4.391
3.845
3.139
2.971
2.054
2.549
3.087
1.804
3.160
3.264
3.335
3.793
3.662
2.783
3.095
3.951
3.867
3.828
4.068
4.753
1.524
2.772
3.349
3.432
3.651
3.085
3.211
3.416
3.414
3.166
3.566
4.126
4.679
4.063
4.418
3.846
3.431
4.273
3.040
3.161
3.385
4.198
3.978
3.559
4.130
3.818
3.984
4.454
4.645
4.223
4.094
4.419
3.728
3.417
4.096
4.230
3.474
3.719
3.868
4.310
3.091
2.006
1.806
3.206
3.251
3.745
3.717
4.053
4.706
4.245
4.555
4.467
4.287
3.814
4.033
4.240
3.861
4.276
2.023
3.662
4.168
4.009
3.713
3.361
1.806
2.529
2.797
2.974
3.025
3.772
3.716
3.080
4.220
4.357
4.495
4.088
4.163
3.602
3.699
4.184
4.433
3.450
2.282
1.509
2.770
4.283
4.343
3.467
2.740
3.078
2.434
2.296
2.831
2.611
3.168
3.568
2.787
4.152
4.434
4.479
4.274
4.231
3.733
4.633
4.189
3.915
3.682
3.256
2.565
2.361
3.475
4.036
3.638
2.636
2.699
3.014
3.021
3.147
2.350
2.866
3.258
4.242
4.423
4.280
4.363
4.505
4.176
4.026
4.224
3.567
4.127
4.313
2.719
3.532
3.383
4.016
3.861
3.526
3.354
3.130
2.861
2.880
2.707
4.028
3.789
3.960
4.319
3.727
4.229
4.447
4.640
4.631
4.372
3.586
3.570
3.103
2.694
4.238
4.590
4.081
3.644
3.718
4.036
2.915
3.407
4.138
3.513
3.435
3.877
4.072
3.507
4.048
4.139
4.275
4.724
4.847
4.242
3.814
3.442
2.518
3.131
3.780
4.732
4.222
4.551
4.417
3.583
3.131
4.005
3.920
3.693
4.056
3.853
4.320
4.049
4.053
4.363
4.094
4.060
3.977
3.838
3.409
3.018
3.013
3.452
2.923
3.620
4.034
4.002
4.354
4.259
3.545
3.176
2.953
3.794
4.170
4.100
4.118
4.370
3.732
3.503
3.272
4.229
4.491
4.081
4.123
2.909
2.992
1.943
2.599
2.989
3.177
4.157
3.544
3.884
4.019
4.401
3.233
2.847
3.389
4.164
3.784
4.277
4.483
4.436
3.627
3.293
3.732
4.308
3.953
4.075
2.804
3.284
2.590
1.685
3.573
3.592
3.735
4.177
4.162
4.322
3.381
3.948
3.481
3.714
4.359
4.006
4.581
4.432
4.118
3.576
3.263
4.001
4.584
4.401
3.596
3.173
3.076
3.834
3.170
3.495
3.846
2.945
3.569
3.167
3.601
2.872
2.740
3.629
4.642
4.224
4.079
4.609
4.092
3.697
4.281
3.380
3.476
4.038
3.917
3.711
3.595
4.076
4.057
3.529
3.207
2.703
3.474
3.433
3.932
3.058
2.504
4.018
3.922
3.986
4.344
4.292
4.296
3.846
4.203
3.620
3.737
3.696
4.121
3.795
3.702
4.130
3.623
2.828
2.990
3.547
3.346
4.207
3.904
3.852
3.875
3.674
3.750
3.927
4.109
4.039
4.162
4.181
3.362
3.379
3.435
3.148
3.457
3.592
4.073
2.910
3.097
2.506
3.806
3.960
3.519
3.953
3.654
3.691
3.522
3.475
3.840
3.238
3.577
3.814
4.048
3.229
3.092
3.552
3.331
3.720
3.241
2.867
3.598
3.432
3.523
2.679
3.567
3.896
3.926
3.881
3.156
3.607
3.322
3.421
4.001
3.308
2.645
3.178
4.148
3.647
4.129
3.727
3.534
3.381
3.523
3.368
3.346
3.484
3.281
3.591
4.011
3.622
3.548
3.418
4.174
4.488
4.127
3.552
3.662
3.663
4.114
4.135
3.829
3.719
3.459
3.517
3.838
2.600
1.716
3.508
3.984
3.499
2.712
2.797
4.258
4.061
3.900
4.453
3.983
3.417
3.557
4.436
4.590
4.166
4.254
3.345
2.878
3.191
2.354
1.858
1.955
1.667
3.868
3.146
3.740
3.705
3.339
3.211
3.905
4.457
4.098
3.473
3.256
4.254
4.503
3.916
3.767
3.160
1.506
2.325
1.894
2.101
1.896
2.054
2.992
3.392
4.165
4.430
4.414
4.184
4.341
4.059
3.596
4.555
4.888
4.654
3.242
2.574
2.085
1.856
2.366
3.156
2.647
2.333
2.636
2.127
2.381
3.889
4.035
3.723
3.574
4.289
4.588
4.085
5.068
4.781
4.514
3.168
2.342
2.101
3.312
1.797
2.700
3.161
2.511
2.621
2.916
2.649
3.030
4.072
3.244
3.733
4.647
4.108
4.259
4.938
4.382
4.566
4.499
3.436
3.532
2.345
1.911
1.652
3.431
3.262
2.414
1.949
2.184
2.835
3.787
2.347
2.201
3.822
4.169
4.604
4.831
4.752
4.031
3.773
4.023
2.470
1.292
1.930
1.607
1.957
2.674
2.419
2.300
2.834
2.878
2.875
3.166
2.576
2.439
4.226
4.018
4.410
4.241
4.459
4.656
4.251
4.010
2.545
2.042
1.625
2.040
2.654
2.552
2.806
2.701
2.567
2.113
1.453
3.601
3.523
4.396
3.509
3.393
4.157
4.731
4.622
3.985
3.537
3.125
1.764
1.573
2.345
2.707
2.723
3.214
1.921
2.191
1.613
-999.000
4.109
4.270
4.396
3.728
3.624
4.199
4.784
4.834
3.489
3.466
4.014
2.635
1.791
3.037
2.215
1.532
1.548
1.769
1.706
-999.000
-999.000
-999.000
4.319
3.730
4.246
3.937
4.427
4.497
4.453
3.976
3.800
3.813
3.318
3.374
2.745
3.690
2.306
0.850
1.059
-999.000
-999.000
-999.000
-999.000
2.218
4.319
4.279
4.146
4.193
4.055
4.061
4.405
4.386
3.371
3.900
3.915
2.835
2.577
-999.000
-999.000
-999.000
-999.000
-999.000
-999.000
3.121
2.513
4.328
4.081
4.680
4.157
3.941
4.005
4.159
4.076
4.370
3.434
3.893
3.544
3.730
-999.000
-999.000
-999.000
-999.000
-999.000
-999.000
3.395
3.567
4.447
4.757
3.863
3.957
4.296
4.139
3.941
3.888
3.989
3.866
3.925
3.736
-999.000
-999.000
-999.000
-999.000
-999.000
-999.000
2.772
4.088
3.636
-999.000
3.886
4.074
4.149
4.367
4.082
3.846
4.424
4.150
3.723
4.454
4.065
-999.000
-999.000
-999.000
-999.000
-999.000
3.555
3.164
3.933
3.675
3.197
-999.000
4.430
4.291
3.742
3.926
3.476
4.389
4.180
3.572
3.801
4.069
3.978
4.243
-999.000
-999.000
2.969
4.048
3.335
3.645
4.135
3.605
4.447
4.191
4.450
4.596
4.479
4.328
3.789
4.396
4.203
3.672
4.013
-999.000
-999.000
3.647
4.112
4.446
3.578
3.601
2.272
2.320
2.882
3.918
4.042
4.518
4.291
3.909
4.268
4.253
4.385
4.198
3.799
-999.000
2.680
4.068
3.347
2.847
1.831
2.885
1.519
1.956
2.533
2.809
3.750
4.332
4.556
-999.000
4.445
4.173
3.300
2.599
2.777
3.592
3.539
4.411
4.386
2.598
2.620
3.316
4.267
3.689
4.270
4.348
3.238
3.251
4.032
4.406
-999.000
2.702
2.428
-999.000
3.685
4.070
3.452
3.943
4.347
3.234
3.316
2.747
3.605
3.342
3.770
3.517
2.972
3.448
4.210
3.920
2.531
2.691
3.337
-999.000
-999.000
4.526
3.712
3.652
3.851
2.958
3.562
3.960
3.681
2.981
3.918
3.620
3.114
4.413
3.689
2.627
3.116
1.881
2.174
2.609
4.821
4.313
3.734
4.196
4.108
3.664
4.015
4.106
3.713
3.561
4.203
3.337
3.680
3.329
3.128
3.537
2.667
1.457
2.529
4.159
4.160
3.536
3.203
2.697
2.353
3.321
3.788
3.834
3.386
3.879
3.535
3.129
3.167
3.513
3.102
3.413
3.896
-999.000
3.242
3.630
3.622
4.088
3.695
4.103
3.035
3.846
3.921
3.768
3.424
3.034
3.054
3.047
3.286
3.569
3.277
3.167
2.650
3.391
4.058
3.953
4.443
4.298
4.242
3.101
3.760
3.886
3.136
2.520
2.990
3.363
2.899
3.124
3.434
2.972
3.191
3.963
4.506
3.732
4.570
4.267
-999.000
3.850
1.888
2.933
3.236
3.392
3.451
3.649
4.436
3.756
3.165
3.122
3.452
4.055
3.559
2.805
-999.000
3.249
2.813
2.555
2.872
2.230
3.752
4.253
4.149
3.248
3.176
2.485
3.450
4.604
3.353
3.351
-999.000
2.880
2.156
1.663
2.329
2.498
4.019
3.153
3.264
3.426
3.248
3.200
3.613
2.518
1.949
2.147
2.302
3.582
2.972
2.237
3.265
2.597
2.819
2.887
-999.000
2.820
2.613
3.080
3.486
2.076
